47
42 990920706 528
1345 269107735 656
2 40992 297
258 8256 294
1381 17842176 112
1536 8388608 320
2049 402653187 657
2048 34603009 561
3072 16793600 608
293 9218 102
2090 990921218 529
2240 192 396
1280 273302039 128
1040 11534336 64
48 67108866 19
9 524800 28
272 4209664 70
1365 17825792 16
514 33248 296
16 73481218 66
33 402662402 5
2064 68157442 81
2275 269091328 12
20 15360 4
6 8192 15
24 65536 10
2405 17842178 96
528 8454144 72
512 277119464 264
2080 621822466 17
2112 268435651 160
10 990953986 1
256 4198464 198
130 268435776 288
520 458752 8
260 10242 6
576 268435464 896
37 9216 99
640 480 32
65 269107736 640
1344 269091351 528
1 134348804 660
513 268566536 648
2282 655872 524
2242 268435648 300
384 64 480
2730 655360 512
