813
8 7770675568902923185424194417857863061325489638678528406851242060464200281976551248000 7253555133860563604472000
9 4755801206503248000 6643777734
16 57896046344094684409426439363032919495891355486162345478554591257146731529248 1208925855643427267412000
18 35433481248 1107296289
24 1725436586697640946858688965569256363112777244251522458405260230657056 324259173170676000
27 1056 297
32 1942668892225729070919461906823518906642406840413268988935566263593591665233907154944 108086391056892000
32 31082702275611692741696777671431452245301958554714113627404968241856801127906204992000 864691128455136000
36 1188950301625810944 99
36 19023204826012992000 792
40 7770676726823836263825189025259075452472155002454733227880197619376358182829336576512 19342813690294836278592000
45 4755801915172864512 17716740624
56 1157920892373161954235709850086879078532699847467702024540642657037730017443840 144115188075856000
63 708669603840 132
64 7770675568902923185635024689264642772731497917957407097074991177991557985961355776000 217703308787712
65 4611686018427392000 239593993015331741560215750
128 57896046344094684410997247339234179896464186785514477992138392492459794891776 36283884797952
128 29140033383385939514665204841678704865728207595352060393288865809417229924758668183552 72638636558400
130 34359739392 39932332169221956926702625
192 91343852333181432387730302044767688728495785984 10824000
192 1725436586697640946905502689890011847211490260780579364644260044342272 9732096
195 1024 10710685813793891625
256 1942668892225729070972169474675213787680184589477504562778487013918524852230294601728 3244032
256 31082702275611692742540098757058571090925991671829628388299964711966231943845423104000 25952256
260 1152921504606846976 3570228604597963875
260 18446744073709568000 28561828836783711000
320 7770676726823836264036019328082014313393576727146365115442464776124490681076898873344 580542156767232
325 4611686705622171648 638917314707551310827242000
384 3450873276239316726292755565824086636059961047506187185523012784881664 20565600
448 1157920892373161954267126008674629800129046791480484344231180556963995010990080 4325376
455 687194767360 4760304806130618500
512 7957171782556593341874375083886451774797301390006813088615671869910618722261118828544000 7427640457073217130979328000
513 147573952589676544000 6597271289862
520 6901746552478633452585693819352839634984697555616463906423482561335296 726386365584000
584 926336713898529563388567880070234013644825328784226354732018813573133003407360 30307200
584 7770675568902923185424194417857863061325495208420310168776958953428881986535030784000 6803228399616
776 17484020030031565089148947620902559329425400803425440923260166298806863798613026275328 5412000
1024 59285551456352956835252673907745709563792748017830241770039901447283068712812544 1237940076178869521829888000
1026 1099511660544 1099545214977
1040 15541351195701877186013792966373643757528880565218699219028646448662410129962480698368 326873864512800
1104 31082703201948382484115618531557201060375798367087211105258557968231985773260727911424 1082400
1168 57896046344094684409426439363032919495891396983973631280985744418833153654784 1133871399936
1360 31082702275611668585586055142989320990826863614760743063940180501548929865591442898944 581109092467200
1536 1766847064778384329583297500742918515827483898113558997406986476191776768 332041393326772224000
1539 32768 294921
1752 1725436586697640946858688965569256363112778480982635924170905955074048 304128
2048 1989292945639146568621528992587283360401824604583187444670019853918657273578803515359232 110680464442257408000
2048 31828687130226373367497500335545807099189205560027252354462687479642474889044475314176000 885443715538059264000
2052 36893488147419103232 98307
2052 590295810358706176000 786456
2208 29140033383385936063791928602352783599636102585782092818777186146083564278078127472640 4329600
2336 1942668892225729070919461906823518906642408232848714429415758755721296325727802621952 101376
2336 31082702275611692741696777671431452245301980833681240675107835813715527946140123136000 811008
2560 7957172968267608334156993561865293263331486722513646825349322362236668412030683550580736 19807041218861912349278208000
2565 147573974579909492736 17592723439632
2856 17484020030031561638275157161411670159781661551469255691266311687650138566846876483584 108957954837600
2920 7770676726823836263825189025259075452472160572197344946021736712056376995950463287296 18141942398976
3120 15541351137805832567355695254588151253139254712417116170014499277911234281641667985408 16236000
3584 1185710993790117841137366886488964176417484643806926873129618080805931850420715520 147573952589676544000
3591 21990232555520 131076
4088 1157920892373161954235709850086879078532700677423903005966996404958543971614720 135168
32768 463168370752757475275411514904263355967130843889298763828436730057173852233984 9671406845147418139296000
32776 3450873173395281893717377931138512726225554488503044916810520461314112 7253554917687781490688000
32776 46624053413417540837981753204788125226641903401327533553884696614307660097119538145056 288230376151712000
32784 463168358674701368391924886893440596982336302099858054067779521220352237634592 1208926107845006400160000
32808 46624053413417525309052472926019603498441213278020265538889498350605534449777462231552 19342813402064460126880000
36864 283467849984 8858370312
36873 2112 6643777536
36873 28534807239019489056 264
36882 283467842592 1107296520
36909 28534807239019479552 17716740360
65536 7770675800487094758310238474436045643945443068193045449282669962502898068481632108544 24178517112868545348240000
65552 926336713898529563388567880069503262826159877974161619632514125630184013955072 720575940379280000
65552 5828007313533678017997460550110974267710713714224723074042812288134236366453231058944 1208925819614630248448000
65576 7770676726823808656839801863003925713448705894352923423444289595017023698665646063616 19342813834410024354448000
73728 4755801348237164544 22145925780
73746 566935683072 660
73746 3566851294645714944 1107296256
73773 4755801915172847616 17716740756
98304 463168356949264781694283940034751631413079938987080809816257062815092006977536 10880332376531672236032000
110592 283467841536 9965666304
131072 3885337900243547379155119237218022821972721534096522724641334981251449034240816054272 3626777458843890745344000
131072 15541351137805832567355695254588151253139254723306151911484530108748733321871257239552 29014219670751125962752000
147456 2377900674118582272 3321888768
147456 9511602413006487552 26575110144
163880 46624053413417497702067085763764453759417764169918455734453590326246199965613771718656 19342813113834083975168000
184365 28534807239019462656 17716740096
196608 7770675684695015873613563236710741787391328630461239379175933017573382796270014306496 2417851711286854534824000
196616 7770675568902926636297367813139756778703420777191254632405730563509117092497012562112 7253554989745375528616000
196624 5828006792469276450074581144041541728615128374509791713576901244845040699474723209216 1208925891672224286376000
196656 5828006676677187212758385720470556719927220521239806966806698790780774995701721464832 72057594037928000
221184 4755801277370210496 2214592578
221193 4755801206503250112 6643777602
221202 3566850975744393216 1107296322
221238 3566850904877432832 66
229376 10352619520185845681152133793415538178676663465509134750431561383942336 4835703278458520993792000
258048 6336 4429185024
262144 463168370752757475287977978713873439171713494284115823937107139939678359134208 290271078383616
262144 868440683083364570634061552700919546642237612454110409153351026663930189587456 290554546233600
262208 639406966332270026714112114313373821099470501888 8659200
262208 3450873173395281893811005379780023694422980521561158729288520088684544 217703302299648
262208 46624053413417540839246734833228803541891677397756289793940207848528712560028178998272 8650752
262272 12259964418270963200048208604932775513717601980842510336 72638643052800
262272 463168358674701368404491350375354609941630563803683998473051587429858048738304 36283892367360
262464 46624053413417525310317454554460281392367468387649664890527860823314430761687779917824 580542148116480
262664 13803493104957266905171204951001012907104619650628838277469508131098624 726386352595200
263184 868440669279871465676782387565204980825691475708498095446954263903712720192512 326873863430400
266240 274877915136 319458657353775655413621000
266305 2048 239593985874874532364288000
266305 27670116110564353024 9520609612261237000
266370 274877907968 39932340499755367655285000
266565 27670116110564343808 638917305186941698566005000
524288 7770675800487094758521068752126056885646698383719376547210816901910210801720180604928 725677695959040
524416 16857450949524777441941817298653401019806130721976745984 72638634393600
524416 926336713898529563413700806939703840103237433184387475384944445571196008792064 21626880
524416 5828007313533678018155583270944946134086943839408249002601850368904880886888139849728 36283883716608
524608 7770676726823808657050632165826863825350538486956809731598292286854656372916189396992 580542161092608
532480 4611686155866341376 798646643384439138534052500
532610 549755813888 23801524030653092500
532610 3458764891777662976 39932330979145755394048000
532805 4611686705622155264 638917319467856116957860500
786432 12259964326927110866866776217202473468949913252346724352 363193171968000
786432 463168356949264781706850403469851920051618716592193737692472222785598004396032 326554953449472
798720 274877906944 359390978812311798546432000
1048576 1725436638119659895641918648800901676377007674062277211500662935781376 617428410746400
1048576 3885337900243547379260534376063028442823349191859688273605408450955105400860090302464 108851651149824
1048576 15541351137805832567777355797401710301441476715820036502227896111348198817842356813824 870813209198592
1048704 3450873276239318258788296431712944994406988197815370804262169328222208 72638652794400
1048832 31082703201948382484115052889365621895753135670264116299828605001743108249267778617344 18400800
1049096 5176310377157131836028332704821212548344771097653753364022397205741568 726386362336800
1049936 31082703201948382484115618531557201060330126440920620389064692817209601928896480018432 581109093549600
1064960 2305843077933170688 119796992937437266182144000
1064960 9223372036854775808 958375943499498129457152000
1311040 46624053413417497703332067392205130904324430147460109506683688334044596453527070441472 580542139465728
1331525 27670116110564327424 638917295666332086304768000
1572864 7770675684695015873824393511259137451199857710885780668103947162268342970880945559552 72567769595904
1572864 31082702275611665134711390509200822434932363646567965892463403502760368389788029419520 690067026739200
1572928 7770675568902926636508198084546536583736877697981101520055512739150287274481444460544 217703304462336
1572992 5828006792469276450232703850738242230503533781337192836383895464873630253090384904192 36283885879296
1573248 5828006676677187212916508424025641363040553768432513688335461041755574556690883805184 2162688
1597440 4611686087146870784 79864664338443913853405250
1597505 4611686018427394048 239593988255026935429597250
1597570 3458764582540017664 39932333359298158459357250
1597830 3458764513820540928 2380152403065309250
1835008 10352619520185845681433016139340071083268941564683476187865560266053632 145135534866432
1863680 6144 159729323916583021576192000
2097152 474284411650823654682021391261965676510341984142641934160319211578264549702500352 9903520609430956174639104000
2097664 3533694129556768659166595001485837031654967796227117994813972952383553536 7427640235712288246464512000
2097664 47743030695339561818093315281703040232081309082959394359177929333022709740553189163040768 295147905179353088000
2098176 474284399282894201233331084178883171309912373350254647365406229729359216360062976 1237940334433286553763840000
2099712 47743030695339545916469732276244073982403802396692751911822846310991733077674903437049856 19807040923714007169925120000
2101248 8796093284352 8796361719816
2101761 65536 6597271093248
2101761 885443715538059296768 262152
2102274 8796093054976 1099545444360
2103813 885443715538059001856 17592723177480
2130440 31082703201948420443719446017266237486740923178774278033310892598225780256021365673984 726386343936000
2392064 13803493104957266905171022263296346544239844190024748742092051139526656 1016940881510400
2392064 463168370752757475275411514904263355967131175871789050247885955350665229238272 9070971199488
2392648 3450873173395281893717377931138512726225556961965271848341811910148096 6803228196864
2392648 46624053413417540837981753204788125226641936819778224125440234703209216090116139778048 270336
2393232 463168358674701368391924886893440596982336634082339683369434486154323543719936 1133871636480
2394984 46624053413417525309052472926019603498441246696470956110433905859485898551962544111616 18141942128640
3178496 347376272888258757739775125903641159009874682672879666930138300162635248697344 181596585984000
4194304 7957172019698785032509684197822510739400133701829678540065454041598245255501584145580032 24758801523577390436597760000
4195328 948568795032094272909893509191171341133987715045541498503694464644745480336572416 737869762948382720000
4195328 5967879489058486290429399603313637650135770843366116427819839783045916263998928277471232 1237940039285381374410752000
4196864 7957172968267580064603957107716019930571474835817393585606952545292709900247064482152448 19807041366435864938954752000
4202496 147573956987722924032 21990904299540
4203522 17592186044416 655380
4203522 110680476536885215232 1099545182208
4205061 147573974579908968448 17592723570708
4260880 578960446186581388493994255344950078008645562665829065881263551806568340127744 326873854771200
4521984 868440669279871465676782387565159308899524884992304230295931880059348472299520 36319317196800
4784128 7770675800487094758310238474436045643945448637934993202443636216284466294620004810752 22677427998720
4785296 926336713898529563388567880069503262826160541939122404773597123966835177291776 675840
4785296 5828007313533678017997460550110974267710717891531515871393929549011911704382592253952 1133871366144
4787048 7770676726823808656839801863003925713448711464095535141566040989881590261455182102528 18141942534144
5571920 913438523331814323877303020447676887284957859840 581109075148800
6291456 474284397516047136454946754595585670566993857522770749251847232322372740168286208 11141460353568432369696768000
6303744 8796093022208 9895906639872
7176192 463168356949264781694283940034751631413080270969561202386798561983417588645888 10204842295296
7438336 347376267711948586270712955026063723559809953996921692118372752023739388919808 435831819350400
7439376 347376267711948997646852285327574262302105593334547937802348383790742080847872 326873867760000
7439696 926336713898529563388567880070416701349491691649001815336108348950589994979328 581109088137600
7440152 926336713898529974764707210371927240091787330986628061020083980717592686907392 12988800
8388608 3978586009849392516254842098911255369700066850914839270032727020799122627750792072790016 3713820117856144123232256000
8388608 15914343565113172548972231940698266883214596836665499557360158831349258188630428122873856 29710560942849152985858048000
8404992 73786978493861462016 3298635546624
8404992 295147905179352825856 26389084372992
8519680 7770675684695005520994043050871190617420998764911976138756414915147676105360136994816 217915909675200
8519808 29140033383385936063791928602358913581799566141215526206885787382818039234704300834816 72638640888000
8520720 15541351253597921804671890678159136261827162565687100835655063317368818289554797625344 326873861265600
8521760 19426688922257294160067792463517082783801999529034121438072610182582320433314196881408 6494400
8522536 17484020030031565089148330556693563877159592689981981916820797772843416148108988383232 108957958084800
9043968 31082703201948418718282859319631420610215421164951348308642250792363616422016483086336 145277268787200
9568256 3885337900243547379155119237218022821972724318967496601221818108142233147310002405376 3401614098432
9568256 15541351137805832567355695254588151253139265862789715435326070045770370605822420975616 27212912787456
10488320 47743030695339517646916695822094800649643790509996498672080476494047774565891284368621568 19807040628566101990572032000
10508805 885443715538058477568 17592722915328
11173888 926336753583571468810448988121773448184683682580504650999806672902106973753344 581109092467200
11174408 31082703201948418718282859319625290628051957609517914920533649555629141465390309724160 726386361254400
11176616 26052424194720110592091899461555256121518565661236789248 17318400
11176744 31082702275611665134711390509202354930473229535426324239490553811943987128944572760064 108957968908800
11701032 31082702275611668585584563904484248647851160673939050465045039897137264710206684659712 108957951590400
11963240 46624053413417497702067085763764453759417797588369146305978210137311111817467262926848 18141941858304
12582912 7957171901127696254580288754391799590288720517592309124276155409990421616827256254169088 2475880152357739043659776000
12583424 7957171782556596875568504640655110941392302875843844743583468097028613536234071212097536 7427640309499264541302784000
12583936 5967878955488539084876371091498538730101891455498026714702746874717779901329595588149248 1237940113072357669249024000
12585984 5967878836917439705864586977761850081205473813749562334010059561755971820736410546077696 73786976294838272000
12607488 147573954788699865088 2199090429954
12608001 147573952589676609536 6597271158786
12608514 110680466641280565248 1099545247746
12610566 110680464442257309696 65538
12779520 115792089237316195423570985008687907853269984665640564039457584007913129639936 544789757952000
14352384 7770675684695015873613563236710741787391334200203104136724221515400370824201338093568 2267742799872
14352968 7770675568902926636297367813139756778703426346933036394333920918700730328346940932096 6803228264448
14353552 5828006792469276450074581144041541728615132551816211030637576863863529473037805027328 1133871433728
14355888 5828006676677187212758385720470556719927224698546143288247276267163888977183407865856 67584
14680064 10601082388670305977499785004457511094964903388681353984441918857150660608 4951760157141525497643008000
14708736 196608 4398180728832
16744448 10352619520185845681152133793415538178676670885895815545025435730444288 4535485464576
16777216 242833611528216349544506075558058220666421551208704012714101314393973829642118762500 226673597933142612639750
16777217 6427752177035966811158619193204174643232842107369112679354500 201326598
16777217 7770675568902923192374805667982643556771001121276485194188768643444598355978621026304 703687462748160
16777224 170141183460469382852170556751034192000 7253555133860557363347462
16777281 6427752177035966811158619193204174643232694384797735299584000 239593993015331528959328262
16777728 242833611528216349544506075558058220666421551038562829253631931689516837069209600000 7427640457073210534110691334
33554432 1809251448252958887794576230094778734246604858942573296204830976819121357825 37778932988857102106625
33554432 827545876768710512931687335835031988221215129114458557529226241274482015037900134906068992 79228164875447649397112832000
33554434 47890487079306719529658225656733131437581868929680417 33554433
33554434 1725436586697640948402034694590689844735869664340475525928494382972928 316659358236672
33554448 1267650638007161264489298396192 1208925855643426227224577
33554562 47890487079306719529658225656733131437580768310723584 39932332169221921493221377
33555456 1809251448252958887794576230094778734246604857674922658197669713430374809600 1237940076178868422351781889
50331648 53919893334301279589334030174039261347274288882860076825164382209025 10133099161583625
50331648 113078212145816597093331040047546785012958969479267775834047134476273713152 11805916207174123520000
50331651 1427247692705959881058285969449495136382780449 9
50331672 37778931862957161710624 324259173170675721
50331843 1427247692705959881058285969449495136382747648 10710685813793882121
50333184 53919893334301279589334030174039261347274288845081144962207220531200 332041393326771929097
67108864 60708402882054033466233184588234965832575213762914655904236445738416632246147481600 3377699720527875
67108864 971334446112865398178024302232232882665686204834816050856405257575895318568475050000 27021597764223000
67108868 1606938044258990275541962092341162602522241077347141787058176 3
67108868 25711008708143867244634476772816698572931368429476450717418000 24
67108896 42535295865117307934110776230596837376 108086391056891907
67108896 680564733841877531408682227004136768000 864691128455135256
67109124 1606938044258990275541962092341162602522204146704297442148352 3570228604597960707
67109124 25711008708143867244634476772816698572930777539190941198336000 28561828836783685656
67110912 60708402882054033466233184588234965832575213720379360039119137841234247060081868800 110680464442257309699
67110912 971334446112865398178024302232232882665686204154251317014527726758067348276838400000 885443715538058477592
83886080 242833647713244883244537157039346107889754843826710413371256175609978764709488246800 604462927821713633706000
83886085 6427753134845696979311468138689639311607715263045400210719248 536870928
83886120 170141208813481840763940942879708430848 19342813690294819635593232
83886405 6427753134845696979311468138689639311607567540452010452074496 638917314707550743891542032
83888640 242833647713244883244537157039346107889754843656569204557774334993751408018941542400 19807041218861894757628510224
100663296 127314748520905493469990001342183228396756822240109009417850749918569899556177901254606848 22431240793630834688000
100663302 9444732965739290427392 15728640
117440512 36185027886661311069865932815214971204146870233365688266895083033094782976000 4503599627370500
117440519 957809713041180536473966891968943239761734650937999360 4
117440568 25353012004564588030642733711360 144115188075855876
117440967 957809713041180536473966891968943239761712638559518720 4760304806130614276
117444096 36185027886661311069865932815214971204146870208012676262330495024463085568000 147573952589676412932
134217736 7770675568902923185430982124156813042278251720902853307399201810234684749010436096000 7253555133860557162020864
150994944 170141183460469382847414755544530944000 7480228731793699573334016
268435472 57896046344094684409477011717388667391716005099833158619823008553232127492096 1208925855643426193670144
301989888 1267650638007161264453864914944 1246704788632283262222336
402653208 1725436586697640946860196139132753856747214447039923416969167935373312 324259173170675712
452984832 37778931862957161709568 334392272332259328
536870944 1942668892225729070921158833398256400373423797471856579635353412635254218084673650688 108086391056891904
536870944 31082702275611692741723928496627252169113006883611413229596807240938738996041744384000 864691128455135232
603979776 42535295865117307932921825928971026432 111464090777419776
603979776 680564733841877531389659022178123776000 891712726219358208
671088680 7770676726823836263831976732569472508482486493192101326346797887307520060309502951424 19342813690294819098722304
754974720 170141208813481840759185140964535566336 19947276618116532195557376
939524152 1157920892373161954236721297143850565179242967052374231597991831681283842375680 144115188075855872
1056964608 25353012004564588029934064107520 148618787703226368
1073741824 248661618204893321077691124073410420056079790938768294232571115663827589237970311315456 817838341342777820017852416000
1073741824 254629497041810986939986749259479225921314603199850088114229588570978602576829223010304000 245112135083415947619009036288
1090519105 6427752177035966811158619193204174643232689773111716872192000 239593993015331528758001664
1207959552 248661618204893541933574221371451617962415668437712909019239745934702223384641536000000 232113764283538035343104000
1207959560 7770675568902923185430982124156813042278073309326606008060123565495287953961779200000 7253555133860763320457216
1207959624 7770675568902923185430982124156813042278078710288333777200212673829287959552065536000 206158436352
1207960064 248661618204893541933574221371451617962415673838674636788379835043036223390231822336000 7427640457073210740067801088
2147483648 1897137646603294618728135830950991633453492984045945308247089065587783602016354304 40852022513902657936501506048
2147483648 497323238262460125166425326140478911185562379605971725061254070513362594220848885792768 368027253604250019008033587200
2181038210 47890487079306719529658225656733131437580733950984192 39932332169221921459666944
2415919104 1852673483011029901101646059617053423868523375557195055313746920227561537536000 38685627380589672557184000
2415919120 57896046344094684409477011717388667391714675829965288568456650850397532979200 1208925855643460553409536
2415919248 57896046344094684409477011717388667391714716070267141467783829673885392961536 34359739392
2415920128 1852673483011029901101646059617053423868523415797496908213074099051049397518336 1237940076178868456677966848
3221225472 56539106072908298546667018064378904374676603358070312445663709042193727488 10957365979783473659904
3271557315 1427247692705959881058285969449495136382746624 10710685813793882112
3623878656 55213970774324510299478046898216203619608871816048718668968327380992000 10376293541461632000
3623878680 1725436586697640946860196139132753856747174831711961533322784826982400 324259173170684928
3623878872 1725436586697640946860196139132753856747176030966374591034926135508992 9216
3623880192 55213970774324510299478046898216203619608873015303131726680468689518592 332041393326771938304
4294967296 63657374260452690195890614406571259813310586421058147351954039072432204980498263558848512 3652455326594491219968
4294967296 1018517988167243947759946997037916903685258412799400352456918354283914410307316892041216000 29219642612755929759744
4362076420 1606938044258990275541962092341162602522202993782792835301376 3570228604597960704
4362076420 25711008708143867244634476772816698572930759092446867488768000 28561828836783685632
4831838208 62165404551223330269422781018352605012557018893224607645938120434956886877833003008000 3458764513820544000
4831838208 994646472819574167734296885485806471849662673750851636076958983738808893538566144000000 27670116110564352000
4831838240 1942668892225729070921158833398256400373379194577794754840199179412288665705617817600 108086391056894976
4831838240 31082702275611692741723928496627252169112293237306424032240494261981151815847116800000 864691128455159808
4831838496 1942668892225729070921158833398256400373380544818226697124022202082730954961880875008 3072
4831838496 31082702275611692741723928496627252169112314841153335108800850695317151838208262144000 24576
4831840256 62165404551223330269422781018352605012557020243465039588221943457627329167089266065408 110680464442257312768
4831840256 994646472819574167734296885485806471849662695354698547153519340172144893560927289344000 885443715538058502144
5368709120 254629534984563466693030540555807471605002757238474771620308888950260349022828925787570176 653632360222442526984024096768
5452595525 6427753134845696979311468138689639311607562928765304829902848 638917314707550743354671104
6039797760 248661655258362760442406048808290414479108960078551463292166323819891276189253238784000 618970038089434760914944000
6039797800 7770676726823836263831976732569472508482308081589268629967241238936038379633822924800 19342813690295368854552576
6039798120 7770676726823836263831976732569472508482313482551801205134794298509153157850840694784 549755830272
6039800320 248661655258362760442406048808290414479108965479513995867333876879464390967470256553984 19807041218861895306847469568
6442450944 497323236409786642155395425038783763820715595234954058700845645544204113923913495347200 18280110887496843264000
7516192768 37942751801283770916396745685679471381491772187386839003535532398481491196452536320 4869940435459321626624
7633633735 957809713041180536473966891968943239761711951364751360 4760304806130614272
8455716864 37053468555941182535542715202780130513046395118966464785300565025184683130880000 4611686018427392000
8455716920 1157920892373161954236721297143850565179216381655809137129902350552254119936000 144115188075859968
8455717368 1157920892373161954236721297143850565179217186461822210028184772779185149050880 4096
8455720448 37053468555941182535542715202780130513046395923772477858198847447411614159994880 147573952589676417024
8589935104 262835573276184002040144447106950043024989473287546253411082412657955280357280347848704000 7427640457073210533909364736
8606711808 242833611528216349544506075558058220666421551038562829253631931541942884479533056000 7427867130671143676320677888
9663676416 30354202345652713899649369040765803296661886985129083786260429541008368231006601216 33056565380087545856000
9663676424 7770675568902923185424194417857863061325668039195598781259810420116882165424193536000 7253555134071663400845312
9663676928 254629497041810986939986953295616581574009089813300099722114428795358404462063487287296000 7427640457073421640148189184
9680453632 254629497041810760783555711051172270131433549386647992917762541301588131018086849970176000 792281648754476493971128320000
9680454209 27606985387162255174432555113451037515773914629296492687404081480728576 29360128
9697231426 56337398858778903349680575539644501491447503470703907468710741345302897904136551923712 1048576
9747562496 318286871302263564057656784630562430995331984280095004106172655894769261961088060608217088 5902958103587061760000
9797894144 29642775728176478417627122357837548549936282661766534799506535684750966247129088 34122873656660774092800
9797894144 248661618204893541933574221371451617962415846669449925400862686509724223569120985088000 237691748181476597642261692416
10871635968 808150261018576886941493956773961775144526980031789228215153187678611122783274645061632 1218674059166456217600
17179870208 1958277680794106858423379465682315849653086531982651293168253468480641754363592704 1237940076178868422318227456
17213423616 1809251448252958887794576230094778734246604857674922658197669712330863149056 1237977855111857279386779648
17448304640 808150270281943860284875620573828907975692715050167676361633302568644824479716717101056 81783834134277782001785241600
19327352848 57896046344094684409426439363032919495892684673632924059455466770444673089536 1208925855678610566807552
19327353856 1897137646603294618728137351138722991886691014027242631779779615891844895967543296 1237940076178903606691364864
19327353984 3885338131827729308135989415420812706089921930320022273044773726596689477283379937280 70368746274816
19360907264 509258995980759168170406040830430105310729804814663922406092819244443663616230975079448576 356526741939514422287007744000
19377684480 827545867283022732228062825460992536306061789094758926512265475139232995635469366005334016 1180591620717412352000
19394462852 17708874310761169551360 4194304
19444793344 827545897637224116715973485669286283758024681608973301490108687623567947243194548685373440 633825319003581195176902656000
19595788288 1852673483011029901101646059617053423868524703487156200991543821402660916953088 39615291363579432940376948736
21743271936 932481068268349954041366421947719557163841741065538860064085585395382713607337803776000 4874696236665824870400
25769805312 58361221028354341687829428251173722698669547835382922225753403983331852288 332041393326771929088
25820135424 53919893334301279589334030174039261347274288845081144962207220498432 332051526425933512704
26172456960 110427941548649020598956093796432407239217743554726184882600387580788736 12186740591664562176000
28991029272 1725436586697640946858688965569256363112816857123853770959427827924992 324259173180112896
28991030784 56539106072908298546667063369502413939961107792441095094045535381028339712 332041393326781366272
28991030976 3450873173395281896804069389181379689471739328662061585855141440913408 10485760
29393682432 55213970774324510299478046898216203619608911391444349573468990562369536 10625648845629872406528
34359740416 65708893319045942148815083422395822926819117148163864683222767781566594335916103630323712 110680464442257309696
34359740416 1051342293104736008160577788427800172099957893150185013644329650631821121429121391394816000 885443715538058477568
34426847232 60708402882054033466233184588234965832575213720379360039119137804340758912662765568 110683842141977837568
34426847232 971334446112865398178024302232232882665686204154251317014527726167771537918132224000 885470737135822700544
35970351104 310827022756116761775070277744241913207096623443103914292132481125458682624375387062272 6093370295832281088000
38654705696 1942668892225729070919461906823518906642451440542536582498095481175449581928220459008 108086391060037632
38654705696 31082702275611692741696777671431452245302672156782395125039241680467528661696774144000 864691128480301056
38654707712 63657374260452690195890665415605598726438902950911084969420814757744507069980490793484288 110680464442260455424
38654707712 1018517988167243947759947813182466326296036359253200398888457715181433617848253949149184000 885443715538083643392
38671485185 23312026706708748871885376632256549845896668275551318752130333968589604523543908843520 5242880
38738594053 10625324586456701730816 105553119412224
38755368960 954860613906790352938333916441896012992875810199929973441609529880937782443514926202880000 4722366482869649408000
39191576576 62165404551223330269422781018352605012557063451158861741304280183081482423289683902464 3541882948543290802176
39191576576 994646472819574167734296885485806471849663386677799701603450746038896894276483940352000 28335063588346326417408
40265318400 559488640961009972424819853168631734298305044639323316038451351237229628164402682265600 122675751201416673002677862400
42949675520 262835612441737151032513388739805854035880456959495303707725592959646843942883568465739776 19807041218861894757091639296
43033559040 242833647713244883244537157039346107889754843656569204557774334846177433439032049664 19807645681789716470188474368
45768245248 808150290661351676480469210882838233925890724212793009389663836820745069586737629495296 654270673074222256014281932800
48318382120 7770676726823836263825189025259075452472333402998387351383434618396049898895031926784 19342813690857769068920832
48318384640 254629534984563466693030744591975231011961971527808860578104724862189969934678358411444224 19807041218862457707061837824
48335159296 572916368344074211763000349865137607795725486119957984064965717928562669466108955721728000 118842247313171474095669248000
48351939394 56337398858778901624243988842003553089412808880014062732841077014272104413615878045696 562949970198528
48989470720 248661655258362760442406048808290414479109138310315038272695574785804063870414825193472 633844661817270927046031179776
52344913920 124330809102446770966787110685725808984133691901791386334029112558098677219372736446464 23154807124162668134400
57982061952 3885337784451458145314229438709424974316111379258553125355055659660713322847869599744 19922944
58082721792 509258994083621521567111422102344540262867098773295985835525082603166817303207960641536000 17708874310761185280000
60129545728 39165552448657716601380755557057751969587276666262069155706624854544755420634808320 147573952589676412928
60246982656 36185027886661311069865932815214971204146870208012676262330495002472853012480 147578456189303783424
67645734968 1157920892373161954235709850086879078532726431216321338712033916220336903290880 144115188080050176
67645738496 37942751801283770916396776089433192447685541481322696786773690436926190298784071680 147573952589680607232
68585259008 37053468555941182535542715202780130513046421677564896190943884958673407091671040 4722510598057721069568
68719476736 14474011586023671102356609840758229873972838871540586369638647814552970862600 302231463910856816853000
68719476736 509259007363584708555537315749152215604785898422516502952590801288786684086212847161311232 316912659501790597588451328000
68719480832 383123896634453756237265805253865051500654951437443336 268435464
68719509504 10141205104057290115914387169536 9671406845147409817796616
68719742976 383123896634453756237265805253865051500646146485788672 319458657353775371945771016
68721573888 14474011586023671102356609840758229873972838861399381265581357707442998476800 9903520609430947378814255112
68736253952 107839786668602559178668060348078522694548577765720153650328764418050 226673591177743171584000
68736253952 791547485020716179653317280332827495090712786354874430838329941333915992064 9444732965739298816000
68736253952 1457001669169298151186929787649628913332559481291485423558896769223919803017094784025 9007199254741000
68736258049 2854495385411919762116571938898990272765560898 201326592
68736258049 38566513062215802294199407865184928917683022093709812458907449 8
68736258049 15541351137805867089988651707656667937958337330831107218813509278148178337234438586368 703687441776640
68736286728 75557863725914323421248 7253554917687775249563648
68736286728 1020847100762816334891955203463366862624 288230376151711752
68736520257 2854495385411919762116571938898990272765495296 239593985874874319763406848
68736520257 38566513062215802294199407865184928917682135758281548180251648 9520609612261228552
68738351616 107839786668602559178668060348078522694548577690162289924414441062400 7427640235712281649596071936
68738351616 1457001669169298151186929787649628913332559480270638322796080435218245984622478131200 295147905179352825864
68753031168 14474011208584417762247652715420018655698009440620564189618110038402295399425 37778940870156450005000
68753031168 15177100833591720512374893240389781505690588453687633455326887268363062161658871808 79228171958997373701586944000
68753035266 383123886643719907295546637845863265354188996757980193 33554440
68753063952 10141204839604767075214255195168 1208926107845005359972360
68753297538 383123886643719907295546637845863265354180191806555136 39932340499755332221796360
68755129344 14474011208584417762247652715420018655698009430479359350013342971992454758400 1237940334433285454285504520
68803362816 1457001669169297665907889778938112609326287914938133298090296823483228376537654902800 604462918814514378965000
68803366917 38566513062215789448970173511545999393109297048253585013883408 536870920
68803395624 1020847100762815994881568436848911467008 19342813402064443483881480
68803629381 38566513062215789448970173511545999393108410712825320735522816 638917305186941131630313480
68805462528 1457001669169297665907889778938112609326287913917286197327480829487941324757493350400 19807040923713989578275684360
78399930368 509258994083622200036384297001927100249107384054006063589341958209831266318980557565853696 792281634587377045362180096000
88080384000 28457063907501934260205103822400660257793023957845729694744721856365403882652696576 356526740758922801569595392000
137438953472 242833618765221711197194952326126426373295095881032670290083436332683135603546521600 755578659777142042132500
137438961664 6427752368597903710403955664158028803877612261735497335832576 671088660
137439019008 170141188531071632649360711050934091776 24178517112868524544491540
137439485952 6427752368597903710403955664158028803877464539159717480497152 798646643384438429864427540
137443147776 242833618765221711197194952326126426373295095710891481759011803831035993132944588800 24758801523577368447035637780
137472507904 28948022309329048855892746252171976963317496186692550613516066426475826380800 22517998136852500
137472507904 20868513490706074004017657202205769504947729731001912967081278222184400567404593152 79228162514264407962288128000
137472507904 182125228547927438062420642190967945865959803569522596063837884007545564940573081600 37778931862957195264000
137472516098 766247770432944429179173513575154591809387720750399488 20
137472516098 4820814659572312999275181337705278390485505100995483377074176 33554432
137472516098 15541351137805832581256917754837699897264445517034212501420222638642853643235190898688 316659348799488
137472573456 20282409603651670424514186969088 720575940379279380
137472573456 127605901539508526312855745545294053376 1208925819614629208260608
137473040514 766247770432944429179173513575154591809370110847614976 23801524030653071380
137473040514 4820814659572312999275181337705278390485394309054843534180352 39932330979145719960567808
137476703232 28948022309329048855892746252171976963317496166410141009864396019570468454400 737869762948382064660
137476703232 182125228547927438062420642190967945865959803441916694524329357805475004634942668800 1237940039285380274932678656
137522839552 242833647713244020526243808218872678545272059198528856982634049848749562079372902400 604462932325313261076500
137522847749 6427753134845674143348384843331542379032204071123218086232064 536870932
137522905128 170141208813481236301031135565121060864 19342813834410007711449108
137523372357 6427753134845674143348384843331542379032056348529828328112128 638917319467855550022156308
137527036416 242833647713244020526243808218872678545272059028387648169152813695432012703413043200 19807041366435847347304923156
206158430208 14474011154664524427946373126085988481658748093346275306758033213237913190400 340010386766614757376000
206158430208 15177100720513508366558296147058741458143803440728663976059111434315927685385158656 396140812571322039811440640000
206158442496 383123885216472214589586756787577295904693860375199744 301989888
206158528512 10141204801825835212257093484544 10880332376531662874345472
206159228928 383123885216472214589586756787577295904685055423807488 359390978812311479645110272
206164721664 14474011154664524427946373126085988481658748083205070504932198009785234227200 11141460353568422474394107904
274877906944 121416809382610855598597476163063213186647547940516335145041718166341567801773260800 113336795588871585792000
274877906944 485667223056432267729865476705879726660601710103317247233891565907333057969179852800 906694364710972686336000
274877906944 63657376157590336799183546490878632580721093388029934800008371966673879067579911300448256 673439401441305019875459072000
274877923328 3213876184298951855201977832079014401938806130867748667916288 100663296
274877923328 12855504354071922204335696738729300820177928618777134296465408 805306368
274877923328 231584178474632391054286327285136280913121186450633592929499377212260322639872 211106238824448
274878038016 85070594265535816324680355525467045888 3626777458843887624781824
274878038016 340282366920938463472886209844774699008 29014219670751100998254592
274878971904 3213876184298951855201977832079014401938732269579858740248576 119796992937437159881703424
274878971904 12855504354071922204335696738729300820177633173634379537186816 958375943499497279053627392
274886295552 121416809382610855598597476163063213186647547855445740879505901915517996566472294400 3713820117856140824798035968
274886295552 485667223056432267729865476705879726660601709763034880312953102729873976480654950400 29710560942849126598384287744
274911461376 127314750418043083534178547161970246779099504508084439508933746925958828845668861927751680 79228182584321960158298112000
274911477762 9444733036108034605056 316659355090944
274945015808 127314750418043083534178547161970246779099504508084439508933746925977718312163290462027776 20070057552196009984000
274945032196 11805916207174115131392 6291456
284558360576 763888491125432451967985351878412450390860719480121498191741842806428144124962264305369088 792281645212701631818891264000
294205277312 231584178474632391054286327285136280913121186450633592942485884969783102799872 70368750469120
294322700288 827545867283022675688956752552693989640541765321366420032780735505345078611902127868477440 633825320184172815894315008000
313616517381 10625324586456703827968 105553122557952
343681269760 1457001669169296803189596430117639179981805130309951741701674697721999173907539558400 604462909807315124224000
343681290245 38566513062215766613007090216187902460533785856331402889396224 536870912
343681433640 1020847100762815390418658629534324097024 19342813113834067332169728
343682601285 38566513062215766613007090216187902460532899520903138611560448 638917295666331519369084928
343691758080 1457001669169296803189596430117639179981805129289104640938859308189621929441964851200 19807040628566084398922858496
412316860416 242833615146719246050423851147210680855979019701913730599247906803635783280361478150 75557865977714204213250
412316860416 1018518018521444484161239577321281374643217113834198853128378117324556503238271292053389312 752667543885511875641737216000
412316884992 70368744177664 527765581332480
412316884992 6427752272816940969772058252520625956699104982532850538715334 67108866
412317057024 170141185995770658866493085729630984384 2417851711286852454449154
412318457856 6427752272816940969772058252520625956698957259959271921031168 79864664338443842986442754
412329443328 242833615146719246050423851147210680855979019531772544603477248084856263929959219200 2475880152357736844703563778
412333637632 242833611528216457384292744160617399334481899287226707262679080114127479970883180550 226673593429542985269250
412333662209 6427752177035969665654004605123936759804781006359385444915398 201326594
412333834248 170141183460469458410034282665357613248 7253554989745369287491586
412335235137 6427752177035969665654004605123936759804633283788008065079296 239593988255026722828713986
412346221056 242833611528216457384292744160617399334481899117085523802209621851806761483650662400 7427640309499257944434278402
412350414848 182125212264664889064830660751298179019222761703430991049278163904758200047920742400 37778934114757008949250
412350439426 4820814228557942130743939924420177004461047208214890454974464 33554434
412350611472 127605890130653124258791131756063883264 1208925891672223246188546
412352012418 4820814228557942130743939924420177004460936416284156182396928 39932333359298123025874946
412362998784 182125212264664889064830660751298179019222761575825100918625039756752243626554163200 1237940113072356569770885122
412417523712 182125208646162100398699553764704897497725641288743967712709337215249896738442444800 2251799813685250
412417548294 4820814132776970826625886277023487807566723232041425361174528 2
412417720368 127605887595351923802332328691790512128 72057594037927938
412419121542 4820814132776970826625886277023487807566612440112892326445056 2380152403065307138
412430109696 182125208646162100398699553764704897497725641161138080117357413523702741180245606400 73786976294838206466
481036337152 323519360005807677536004181044235568083645733297160460950986293254150 151115727451828781056000
481036365824 8563486156235759286349715816696970818296682694 134217728
481036566528 226673591177742970263744 4835703278458516833042432
481038200832 8563486156235759286349715816696970818296485888 159729323916582879842271232
481051017216 323519360005807677536004181044235568083645733070486869773243323187200 4951760157141521099730714624
549755846656 463168370752757475275816093739109339133728040798665268958584068425857019936768 9671406845147409549361152
549890064392 3450873173395281893720392278265507713494428894079846833938335870746624 7253554917687775048237056
549890064392 46624053413417540838022479442581825113865649458170976591609657901331525463230551949312 288230376151711744
550024282128 463168358674701368392329465717736365204451043568164139679120149641681472323584 1208926107845005326417920
550426935336 46624053413417525309093199163813303372100397263386265866679634542020772740719133589504 19342813402064442947010560
618475290624 10141205104057290115630919319552 9973638309058266097778688
618626285568 75557863725914323419136 7480228508865518018494464
618626285568 1020847100762816334863420396224347373568 297237575406452736
618777280512 10141204839604767074930787352576 1246705048715161742868480
619230265344 1020847100762815994853033629609891987456 19947276320878956789104640
1099511693312 7770675800487094758317026180937285030263808225736019729016259970139383208595463077888 24178517112868523873402880
1099780128784 926336713898529563389377037715080452143394373641899385278393465345027073900544 720575940379279360
1099780128784 5828007313533678018002551330391482630238082240999201617711887616801270078960134258688 1208925819614629174706176
1100182781992 7770676726823808656846589570314322745344260369130393370915645248532848553622536978432 19342813834410007174578176
1236950581248 170141188531071632644604909702696927232 24934095772645665244446720
1237252571136 20282409603651670423947251286016 743093938516131840
1237252571136 127605901539508526309288894250648338432 1246704751477586336415744
1237705555968 170141208813481236296275333649948213248 19947276766735319898783744
1649267539968 463168356949264781694688518857540226071697186820949692639196732672513536950272 10880332376531662572355584
1855425871872 10141204801825835211973625643008 11220342763298277027741696
2199023386624 3885337900243547379158513090468642515131904112868009864508129985069691604297731538944 3626777458843887524118528
2199023386624 15541351137805832567369270667186051202987390379774852637082827301082033744677389205504 29014219670751100192948224
2473901162496 85070594265535816322302454851348463616 3740114254432759009247232
2473901162496 340282366920938463463374607431768211456 29920914035462072073977856
2749450321960 46624053413417497702107812001558153608962171139324557911248481903246101234032167616512 19342813113834066795298816
3093131427840 1020847100762815390390123822295304634368 19947276023641381382651904
3298535079936 7770675684695015873620350943110836477055586504334863507065519049880701855474691080192 2417851711286852387340288
3298669297672 7770675568902926636304155519438706762670529986410566801828095890081518687346306842624 7253554989745369086164992
3298803515408 5828006792469276450079671923866898915505327910339866444143483397704945822382405189632 1208925891672223212634112
3299340386352 5828006676677187212763476500194769201120271392415569738906060237905762654254020952064 72057594037927936
3710851743744 170141185995770658861737284452260773888 2493409577264566524444672
3711002738688 170141183460469458405278481458854363136 7480228583174911870107648
3711153733632 127605890130653124255224280780319490048 1246704825786980188028928
3711757713408 127605887595351923798765477786913079296 74309393851613184
3848290926592 10352619520185845681161176834796523140483286682239540501815007612239872 4835703278458516698824704
4329327034368 226673591177742970257408 4986819005910345345662976
4398046511104 15177101172826356949825086647607933067627943872367562465976712524702268816130834432 326816180111221263492012048384
4399120252928 113078212145816597093334036128757808749353206716140624891327418084387454976 245112127778505294430026596352
4399120252928 1491969738872135433786768418553469527702358591579290631247237721339220688800773193072640 817838316969296636688728064000
4399120252928 1527776982250865978179026568465173902194905683578004903361980889496184061124684380255551488 9739880870918643253248
4400193994752 15177100777052614439466996820938806616975613249631338959484525405056305520774742016 40852031036298419990314352640
4403415220224 1527776982250865469327071912290486982191743104167865531272550666863372050151303000512004096 653632350482561656065380843520
4466766254080 383123896634453756237265805253865051500645871607873536 319458657353775371677335552
4467856773185 2854495385411919762116571938898990272765493248 239593985874874319562080256
4467856773185 38566513062215802294199407865184928917682108088165437615898624 9520609612261228544
4468947292290 383123886643719907295546637845863265354179916928647168 39932340499755332188241920
4472218849605 38566513062215789448970173511545999393108383042709210171179008 638917305186941131093442560
4947802324992 14821387864088239208813168476936427390948187004457560442509975361820492300288000 309485019044717380457472000
4947802357760 463168370752757475275816093739109339133717406639722308547653206803180263833600 9671406845147684427276288
4947802619904 463168370752757475275816093739109339133717728562137131742270637391083143692288 274877915136
4947804422144 14821387864088239208813168476936427390948187326379975265704592792408395180146688 9903520609430947653423734784
4949010284544 110427941548649020598956093796432407239217743632097437337936654761984000 232113757366009007702016000
4949010284544 1491969709229361306815416102553220007252540908842481073724310291656932009276176596992000 9223372036854784000
4949010317320 3450873173395281893720392278265507713494349663423923066645569653964800 7253554917687981206667264
4949010317320 46624053413417540838022479442581825113864578988713492795535573104933261046555502182400 288230376151719936
4949010579528 3450873173395281893720392278265507713494352061932749182069852271017984 206158430208
4949010579528 46624053413417540838022479442581825113864611394483859410377307009350318792238528724992 8192
4949012382208 110427941548649020598956093796432407239217746030606263453360937379037184 7427640235712281855553175552
4949012382208 1491969709229361306815416102553220007252540941248251440339152025561349067021859623534592 295147905179352834048
4950218244096 14821387477590443788541596380590099103434761667195457730168944679042200633344000 38685635451040204805120000
4950218276880 463168358674701368392329465717736365204440409409498486563922473543686474956800 1208926107845039686164480
4950218539152 463168358674701368392329465717736365204440731331904914977648500146600195129344 34359746560
4950220342272 14821387477590443788541596380590099103434761989117864158582670705645114353516544 1237940334433285488611696640
4953842122752 1491969709229360809889679133632627311950118824896648497244463947218463988561230168064000 618970028866062724060160000
4953842155560 46624053413417525309093199163813303372099326793928782070962087697279461141492059340800 19342813402064992702832640
4953842418024 46624053413417525309093199163813303372099359199699148685793028311978999477903309144064 549755822080
4953844222464 1491969709229360809889679133632627311950118857302418863859294887833163526897641417867264 19807040923713990127494635520
8796093022208 254629504630361121040316640905634176389136621982587026885183956996835299618291293525901312 817040450278053158730030120960
8798240505856 30354201441027016733117396548543577105193417749909471202828425918785192957162029056 24349702177296608133120
8798240505856 497323254936520920125973515918669318968455012345488184955830452953819886979949376045056 368027242636183486509927628800
8798240505856 190972143649871561293745847237923906563641019083649145118623569161839434106314948725440512 40852021296417549071671099392
8801461731328 254629534984562562067333374023030724932713727176004776794655159825261218403484250687930368 653632365092382962443345723392
8933532508160 6427752368597903710403955664158028803877459927473561614155776 798646643384438429193338880
8935713546370 766247770432944429179173513575154591809369561091801088 23801524030653071360
8935713546370 4820814659572312999275181337705278390485390850289951756517376 39932330979145719927013376
8938985103685 6427753134845674143348384843331542379032051736843122705956864 638917319467855549485285376
9895604649984 248661625615587032265927631181953460606254178182177454377045438799940552548268638208000 773712547611793451143680000
9895604715520 7770675800487094758317026180937285030263629814154455350522624143629624773273295257600 24178517112869211068190720
9895605239808 7770675800487094758317026180937285030263635215116344080860530813967878375684553310208 687194787840
9895608844288 248661625615587032265927631181953460606254183583139343107383345470278806150679896260608 24758801523577369133559336960
9898020569088 29642774844752946028434172162224104410437116095173171828240452020147746504704000 23058430092136960000
9898020569088 186496234033077696575918737603551176566742838855191138369369993220181424485074731008000 38685626227668167950336000
9898020634640 926336713898529563389377037715080452143373105324647309703921880441803295948800 720575940379299840
9898020634640 5828007313533678018002551330391482630237948432302394175215622959683158800856619417600 1208925819614663534444544
9898021159056 926336713898529563389377037715080452143373749169457768022547818223348119240704 20480
9898021159056 5828007313533678018002551330391482630237952483024132645374282121749817893437474603008 34359738368
9898024764416 29642774844752946028434172162224104410437116739017982286559077957929291327995904 737869762948382085120
9898024764416 186496234033077696575918737603551176566742842905912876839528652382248083577655586193408 1237940039285380309258862592
9901644447744 248661655258361877018873659616125622830358588619293549550217267040392572696015142912000 618970042701120779342336000
9901644513320 7770676726823808656846589570314322745344081957527560675169933847551505215076591206400 19342813834410556930412544
9901645037928 7770676726823808656846589570314322745344087358490093250318298836515696599032672550912 549755834368
9901648644608 248661655258361877018873659616125622830358594020256082125365632029356764079971224256512 19807041366435847896523886592
13194139533312 15177100720513508366558698274271788552596708874954735601414212959392596478581014528 367668191667757941645039894528
13400298762240 383123885216472214589586756787577295904684780545900544 359390978812311479343120384
14843406974976 14821387422376473014217086081112052205218558047586585914120226010073873252352000 348170636049013511553024000
14843407073280 463168356949264781694688518857540226071686552662323654851960940220901647974400 10880332376531971810000896
14843407859712 463168356949264781694688518857540226071686874584728884011273909111674059620352 309237645312
14843413266432 14821387422376473014217086081112052205218558369508991143279538978964645663997952 11141460353568422783329763328
17592186044416 248661629320933887860052473182304618239983672536384141454492216509519511461880244731904 245351502402833346005355724800
17592186044416 127314752315180560520158320452817088194568310991293513442591978498417649809145646762950656 122556063889252647215013298176
17592186044416 509258994083621521567124915252570078506484691368465178815632312579457639843986108470788096 980448511114021177720106385408
17594333528064 497323240115133497749513678593153459594315367544582152203918940756336191917396695449600 368027249948227841508664934400
17596481011712 621654045512233413122185829947500303734914148246147030349970175265063945371131261747200 7312044354998737305600
17609634349056 932481075679043665229602929056262597719867843674817878665081683920668090113778100731904 81783839008974018667610112000
17632451362816 559488640961010082852761401817652333257324698841777773012364469572038431130642074828800 122675754857438850502046515200
17867065016320 3213876184298951855201977832079014401938729963736780807077888 119796992937437159781040128
17867065016320 12855504354071922204335696738729300820177623950262342682411008 958375943499497278248321024
19791209299968 124330812807793516132963815590976730303127089091088727188522719399970276274134319104000 116056878683004503851008000
19791209299968 497323236409786642155382248146820840100456151145796861167504963479655095022664024064000 928455029464036030808064000
19791209431040 3885337900243547379158513090468642515131814907077227675261312071814812386636647628800 3626777458843990603333632
19791209431040 15541351137805832567369270667186051202987033556622358038721593435298309325644942540800 29014219670751924826669056
19791210479616 3885337900243547379158513090468642515131817607558172040430265406983939187842276655104 103079215104
19791210479616 15541351137805832567369270667186051202987044358545813576992177616661847639695047000064 824633720832
19791217688576 124330812807793516132963815590976730303127091791569671553691672735139403075339948130304 3713820117856140927776587776
19791217688576 497323236409786642155382248146820840100456161947720316705775547661018633336714128523264 29710560942849127422212702208
21995601264640 1527776982250864564701374745757710235519454074105395536446896937738372919531958325412364288 653632340742680785146737590272
22339283865925 38566513062215766613007090216187902460532871850787028047233024 638917295666331518832214016
24745051422720 1491969709229359926466146744440462520301368453437390583502514890438965285067992072192000 618970019642690687205376000
24745051586600 46624053413417497702107812001558153608961100669867074116164780305894927976934827622400 19342813113834616551112704
24745052897640 46624053413417497702107812001558153608961133075637440730976532849985542919085141000192 549755813888
24745061911040 1491969709229359926466146744440462520301368485843160950117326642983055900010142385569792 19807040628566084948141801472
26388279066624 3705346855594118253554369695773599772309628093503073295212132077993483200102400 613378737726972477516546048000
26388279066624 254629500836086280146575986715750887823297870106836056206120205065156733752396427043012608 81704045027805315873003012096
26389352808448 254629497041811100018198895076076319255350731957658837467436304711603493904247307397758976 245112130213475512159687409664
26390426550272 190972126575633250716048934859388348007878897412351660794546017570849854789643910321799168 40852023731387766801331912704
26394721517568 190972122781358070587671843219713779439931759263174442055862117217296614941494790676545536 2434970217729660813312
26800597524480 6427752272816940969772058252520625956698952648273184774160384 79864664338443842919333888
26801688043585 6427752177035969665654004605123936759804628672101989637685248 239593988255026722627387392
26802778562690 4820814228557942130743939924420177004460932957519573642379264 39932333359298122992320512
26807140639110 4820814132776970826625886277023487807566608981348378505904128 2380152403065307136
29686813949952 248661621910240507955634023574743737196522516174759660133629856562196063839764611072000 77371254761179345114368000
29686814146560 7770675684695015873620350943110836477055408092755957667990700702408589654756845158400 2417851711286921106819072
29686815719424 7770675684695015873620350943110836477055413493717765917734495609396947307322851459072 68719478784
29686826532864 248661621910240507955634023574743737196522521575721468383373651469184421492330617372672 2475880152357736913355933696
29688021909504 248661618204893652361515770020472216918509464870120148236983378032139561321296297984000 232113759671852016915712000
29688022106120 7770675568902926636304155519438706762670351574834319502409786989418354599531433164800 7253554989745575244597248
29688023679048 7770675568902926636304155519438706762670356975796047271552274606578470029404336553984 206158432256
29688034492928 248661618204893652361515770020472216918509470271081876006125865649299676751169201373184 7427640309499258150391384064
29689229869056 186496217359016846402386596609329335315684107984313334834460839834927163151967322112000 38685628533511177164032000
29689230065680 5828006792469276450079671923866898915505194101655022430101511251227101052342265446400 1208925891672257572374528
29689231638672 5828006792469276450079671923866898915505198152376398737554287609066670142804157530112 34359740416
29689242452992 186496217359016846402386596609329335315684112035034711141913616192766732242429214195712 1237940113072356604097071104
29694061707264 186496213653669990808268343055057815037671056679673822937814361304870660633499009024000 2305843009213696000
29694061903920 5828006676677187212763476500194769201120137583733384264520597538236865997116853452800 72057594037929984
29694063477168 5828006676677187212763476500194769201120141634454680091372066606248192864885642625024 2048
29694074293248 186496213653669990808268343055057815037671060730395118764665830372881987501267798196224 73786976294838208512
30786325577728 339234636437449791280002108386273426248059620148421874673982254253162364928 163408085185670196286684397568
31267363778560 8563486156235759286349715816696970818296479744 159729323916582879708053504
34634616274944 331283824645947061796868281389297221717653230896292312013809964285952000 154742504910672671801344000
34634616504320 10352619520185845681161176834796523140483048990271769199936708961894400 4835703278458654137778176
34634618339328 10352619520185845681161176834796523140483056185798247546209556813053952 137438953472
34634630955008 331283824645947061796868281389297221717653238091818790360082812137111552 4951760157141521237035450368
35184374185984 15666221446352854867387035725458526797224692255861210345346027747845134034908741632 9903520609430947378545819648
35192964121088 116722442056708683375658856502347445397339095670765844451506807966663704576 7427640235712281649394745344
35192964121088 1577013439657104070602087710996041945979365090899000219136042311330653907897086070424076288 295147905179352825856
35201554056192 15666221037824307668906643910652529039008633365174375497665572167571306151585775616 1237940334433285454251950080
35227323861504 1577013439657103545351098455806966755514510830335495931110111792884353876116450220437405696 19807040923713989577738813440
35253091565568 14474011586023671102356609840758229873972838861399381265581357698646905192448 9903822840894858235094237184
35261698277376 107839786668602559178668060348078522694548577690162289924414440996864 7427866909303459392365002752
35261698277376 1457001669169298151186929787649628913332559480270638322796080434332802269084418834432 295156912378607566848
35270304989184 14474011208584417762247652715420018655698009430479359350013342963196361703424 1237978113374155610668400640
35296125124608 1457001669169297665907889778938112609326287913917286197327480828602497609219434348544 19807645386632804091580907520
35734127902720 497323249378500691948766909912017776780152567197392872145071525731167451714377819881472 327135336537111128007140966400
35735201644544 497323236409787304723031540040944433848722360471980023771603559684764474078266107363328 817838326718689110020377804800
35736275386368 27790101472169857675982283017780045190538414320881921491454083026251317791162368 368027252385575959841577369600
35742852055040 772995590840543144192692656575026850674524204883083294178202713065521152 9749392473331649740800
35751576207360 14821387532804414562866106680068146001650965276419735751776755635613268174700544 81783841446322137000522547200
39582418599936 509258994083621973879960005368732913587027288960436037671402999674279598224711605018427392 1109194275199701711472033792000
39582418632704 463168370752757475275411514904263355967141477389063392475643734163557384716288 9671406845428884534460416
39582420697088 15177101172826356949825098809109783935093528112217941054238236927134759167740346368 9903520609431228853530918912
39582420959232 15541351600974205059450980142178890085849258659485188025514387467474011485337410338816 281474985099264
39582437736449 15541351137805839483003264545401493505403223879793591444898879962766025001674360225792 703687450165248
39582454513666 1725436586697640948402034694590689844735869664331030793455336301789184 316659357188096
39592082309128 3450873173395281893717377931138512726225633714247707541918855655849984 7253554917898881280770048
39592082309128 46624053413417540837981753204788125226642973804429955800375719644555063951972989140992 288230376160100352
39592084374016 113078212145816597093334126739004827879922215584882190188091070762056679424 7427640235712492755627278336
39592084374016 1527776982250865978179027792681998036111117908382214538293794365213245520817916304752115712 295147905179361214464
39592084636224 24156112213766973277628485724269657826302175300634431100985990086393856 8388608
39601745985552 463168358674701368391924886893440596982346935599345392608667337447562589241344 1208926107880189706895360
39601748050944 15177100777052614439467008982440340348576630532490186507150571268816011500541968384 1237940334433320638632427520
39601748313216 463168360400137955503854551374341951007622062373006514511615607173185307410432 70368752566272
39630737014824 46624053413417525309052472926019603498442283681122687785024005529871125317122537816064 19342813402627392908820480
39630739081728 1527776982250865469327073136507311116107547582860489078643824233243389674408097875497058304 19807040923714552527700623360
39651140440064 15541351137805832581256917754837699897264445517034212501420222638642853291391478398976 985162418487296
39660818530304 1527777012605066684197623874323208474892324497888204916717720075534387769556688899682598912 792281625142644079622881280000
39719859920896 527765581332480 35184372088832
39926015983616 509259005466447231569560915745962290553483263701326085820477283549173588843610072145723392 198070406285661019905720320000
40132174413824 14821387864088239208813168476936427390948197627897249607932350571221287335624704 316922330908635463523015589888
40132174413824 497323236409787083867148442742903235936534767607165545336116450232394708877490945785856 1144973643757015291364219289600
40141972307968 110427941548649020598956093796432407239217822782888699146937981124739072 237691741097710700555680088064
40141972307968 1491969709229361306815416102553220007252541978232903172014087510502694914883716472897536 9445021196115442139136
40151770202112 14821387477590443788541596380590099103434772290634869867821903556938353399037952 39615299627972979541388820480
40181163884544 1491969709229360809889679133632627311950119894287070595533884987503548753662801411571712 633844652372249730930589040640
44530220924928 27790101416955886901657772718301998292322210701273049714090990584951124000768000 40891915848464831834436403200
70368748371968 262835581109294258326803653965734403118826862510110791985304902267591348252615498648256512 24758801523577368446364549120
70385928242176 31332441958926173281104604445646201575669821333009655324565299883635804336507846656 737869762948382064640
70385928242176 197126701498191673208189381026603025162220934717493760493806338983343453007363792240115712 1237940039285380274899124224
70411698047488 262835612441736217252976935070338848765028438179932124994960226832891231888419835156103168 19807041366435847346768052224
70506183131136 242833618765221711197194952326126426373295095710891481759011803683462036145221664768 24759557102237145587735592960
70523396554752 28948022309329048855892746252171976963317496166410141009864396001978282409984 737892280946518917120
70523396554752 182125228547927438062420642190967945865959803441916694524329357694794528098057453568 1237977818217243232060833792
70549216690176 242833647713244020526243808218872678545272059028387648169152813547858038123504074752 19807645829368172659492257792
71485704110080 20379407705767650394548493361529071782175517301152739270944534785392710816628736 81783831696929663668872806400
79164837265408 7770675800487094758310238474436045643945621468715432573256649667108581571780262494208 24178517113572211336151040
79164841394176 254629504630361121040316844941777612792394101340752636142222616385716115665160022930751488 24758801523578072133827297280
79184164618256 926336713898529563388567880069503262826181144973057070969627132976269522632704 720575940400250880
79184164618256 5828007313533678017997460550110974267710847514627146916471022735145002666969958187008 1208925819649813546795008
79184168748032 30354201441027016733117420871546553958148433185058157429418952349540952239027257344 737869762948403036160
79184168748032 190972143649871561293746000265043645367572555079781069635745676998763261519346136711692288 1237940039285415459271213056
79184169272448 636856490805239075399287400034124772511083262739242380543136779312310316433408 70368744177664
79213155647528 7770676726823808656839801863003925713448884294896577546313720636735714548049785126912 19342813834972957148971008
79213159778816 254629534984562562067333578059198484338948059489185821200380045804668465206112261958008832 19807041366436410296742445056
79321637060608 509259013054997422208996880300214724086293921453050286746355052677065554930731462942523392 356526731314189835830296576000
79370995630080 28457063850962828187296805275735140234019631451366244955110833939341836644515840000 39614081257132203981144064000
79439719841792 15541351369390045564621042761942995223094618243952293669447102202925188996256370786304 140737488355328
79508439322624 15541351137805867089988651707656667937958337330831107218813509259258712405755856683008 562949970198528
79508456099841 15541351137805867089988651707656667937958337330831107218813509278148178337234437537792 703687458553856
79527850562693 984232758517187661980716890961829193880765042415192769930302295300843216306176 16777216
79547177916677 984232758517187661980716890961829193880765042415192769949191761232321797160960 105553133043712
79665318330368 1130782121458165970933310400475467850129589694792677758340471344762737131520 633825300114115263698305024000
80264348827648 248661625615587032265927631181953460606254356413919782478196358921102921427840153944064 792305827271588658807538974720
80283944615936 29642774844752946028434172162224104410437137342051916952755107966938725673336832 23612552990288605347840
80283944615936 186496234033077696575918737603551176566742972529008507884605745568381174540242952126464 39615290182951783425946681344
80313338298368 248661655258361877018873659616125622830358766851057124530113311676210888366565827280896 633844666539781525103752249344
89060441849856 1491969746282828648049267956741419872954499681357713464490303041792362133422543470592000 163567663393859327337745612800
93458488360960 497323266052561652550240599555309304757042388278526328487615652178668529068276182941696 654270673074222256014281932800
93459562102784 1491969738872134936861031449632876832398473578748434445889306943267076756916103173636096 817838336468081583352027545600
93481305374720 31495448272550005155211307922363110936089435829054233418732462850152371262062592 19498784946663299481600
93498753679360 994646504315021556860796005288875450004542126559343946455924709820871078000198252756992 122675767044179442166608691200
105553122557952 15666220979463086640552302222823100787834910666504827662282649941817902168253923328 11141460353568422474092118016
105759274696704 14474011154664524427946373126085988481658748083205070504932198000989141204992 11141800363955189088547504128
107202383708160 14821387422376473014217086081112052205218558037201992197050570753012880593911808 408919158484648318344364032000
118747255898112 463168356949264781694283940034751631413090572486528535484813566488134761316352 10880332376848321921155072
118747262091264 15177100720513508366558710435773276979074216592529078714709476174770476119513628672 11141460353568739133440917504
118747262877696 463168356949264782108572654570272561826242372901267185849554021318043866497024 351843720888320
119228292136960 11382825540385131274918722110294056093607852580546497982044333575736734657806336000 475368989252685896382676992000
119247653044224 509259005466447061952242697021066650556923192381148566382023064647509837772908357738299392 356526745481289284439244800000
119247736930304 30354202571809138191282563227427883391755457011047022744795981209102637183554027520 633825314281214712307253248000
119257400606720 509259024437824093376249613384907767690750490528752996882547827399157471138810883485990912 14167099448608948224000
120396523241472 14821387422376473014217086081112052205218568671025958476377553983469362836668416 356537611646566050833520132096
140737496743936 131417790554647129163401826982867201559413431255055395992652451133795674126307749324128256 3713820117856140824697372672
140737496743936 525671146552367537190520667379166583414552937185310917465782142252532754687328829042589696 29710560942849126597578981376
141012366262272 121416809382610855598597476163063213186647547855445740879505901841731018072610832384 3713933454651729696182501376
141012366262272 485667223056432267729865476705879726660601709763034880312953102434726071301302124544 29711467637213837569460011008
142936511610880 62165406403896813280452682119998664631073371603215447817263580910370682736296442462208 695162590141361147015174553600
142937585352704 745984854614680128874985695193762158589213707499703261621565642841952449968159152144384 817838337686755642518483763200
142953959915520 124330810955120198763846237462861569123140217554111140984278137189420021345982810685440 81783852414388669498628505600
142971408220160 124330810955120198763872591247572820528352874469232497125643442087424373090847463309312 20717459005829755699200
142982279856128 808150261018576831727523182449451475666480081815585608606281410315518681483080854667264 654270674292896315180738150400
147334558121984 497323247525827374579649331783460825859784949029913683410553540031768935442342064685056 204459579242324159172182016000
156130651144192 11116040566782354760663109087320799316928884280509219885636396233980449600307200 490703004805666692010711449600
156132798627840 497323247525827208937737008809929927421255467726231997949683862529555730992982975840256 368027257260272196507402240000
156168768978944 497323266052562591187743763071984395850192293598444857642485885852064946964274784239616 14624088709997474611200
156176419389440 29642775949032361514925163555749736142801097140202021908958905449951741408706560 654270668199526019348457062400
158329674530816 3885337900243547379155119237218022821972810734357716286628324833554290785890131247104 3626777458949440640385024
158329674530816 15541351137805832567355695254588151253139611524340292659984763849403596655425763672064 29014219671595525123080192
158329682788352 127314752315180560520158422470888806396197050670376318071111308192858057832580011465375744 3713820117856246377813639168
158329682788352 509258994083621521567125323324844789811511223607288679755366518061956056559843926347874304 29710560942849971022509113344
158329683836928 1942668950121773691315212482926294308442125917909573175335926061024609326179418112000 598134343335936
158329700614145 23312026706708748871885376632256549845896668275551318752130333957964279937087208161280 703687459602432
158349011190912 3885337842347502763972327202281006795600181607538849738013453890854965987603352911872 70368762003456
158368338544896 34968041044295881825015726929101715730674196294092020543388270886138181700902560202752 17825792
158378035776322 56337398858778901624243988842003553089412808880014062732841077014272104976565831467008 562949971247104
158398403317760 15541351137805832581256917754837699897264445517034212501420222638642853502497705689088 175921860444160
158535842279424 211106232532992 422212477648896
158535875833858 15541351137805832581256917754837699897264445517034212501420222638642853502497702543360 316659361382400
158574547319043 15541351137805867089988651707656667937958337330831107218813509259258712405755832565760 12582912
158584194218818 34508731733952818968040693891813796894717393286620615859114364362555392 562949966004224
158604552306688 254629508424636301168686985969894380425489642994500573464260523345916984388479375615459328 237684494626342948191338496000
158604585861120 954860621495340713195088099721044086522246539271831693805941517910493499601478768895459328 79228169597814132266762240000
158623913213952 509258997877896701695488513741918577027552463309246846017691076617944675882119513243648000 356526738397739560134770688000
158643274121216 636573742604527015037101423444527768659623921013404995253375832521734355676144427073536000 7083549724304474112000
158652887465984 572916368344074324841212495681734701126765533666742997023935197196338503513243431993344000 118842250854946336247906304000
158712019835141 984232758517187661980716890961829193880765042415192769949191761232321799258112 105553116266496
158741991260160 1527777020193616535602423401427669628432015012999574078766689406858952233502547599152906240 158456325028528815924576256000
160528697655296 124330812807793516132963815590976730303127178206959891239098179460551460713920076972032 118845870548855350277840044032
160528697655296 497323236409786642155382248146820840100456507609270893930434241464651859386317471219712 950766964390842802222720352256
164967009484800 994646504315021667288737553937896048963561780761798403429837828155679880966437645320192 122675747545394495503309209600
175964820605440 1577013439657102611571562002137499750243658811555932752397346426757598264061986487127769088 19807040628566084398385987584
176308491386880 1457001669169296803189596430117639179981805129289104640938859307304178213903906373632 19807645091475891712973340672
187512500781056 1104279415486490205989560937964324072392177435547261848826003875807887360 654270653575437309350982451200
197960411545640 46624053413417497702067085763764453759418834573020877979954291548210789966277291016192 19342813114397016748720128
197960421870080 1527776982250864564701375969974534369434533670821866039266099554185868169679531779043622912 19807040628566647348339408896
198029147635712 1018518020418582187303640268957665486356599843648959296178430593599721266574896728998150144 118842243771396611943432192000
198097895697218 34508731733952818968040693891813796894717393286620615858551414409134080 562949953421312
198393129336832 509259024437823132211446373943832474376910086381080386731307253623062881738167835177254912 633825319003581195176902656000
198402809790464 1527777012605066175345669218148521554902644283927672358402357418829396516344583756460326912 792281644032110011101478912000
198441464496128 1018518020418582074225428123141068393025559796102174283219461114331945432527762252726534144 118842262660862543422029824000
198441565159424 32251339031091205278936379312499825598555582311548410949125611797921346331443462144 18889465931478597632000
200709861539840 1491969709229359926466146744440462520301369522827812681791302724393955578158952413659136 633844642927228534815146901504
211106245115904 262835577192739363628358163953708974389621172593719317376384998994462217318563856575889408 2475880152357736844636454912
211114835051008 262835573276184118762586503815633418683845975634991650750178083423799731864088314512408576 7427640309499257944232951808
211123424986112 197126683873693071312216910405263024486232548403219260675875218915362268462223852954451968 1237940113072356569737330688
211157784726528 197126679957137826446445250267187468780457351444491594049668303344699783007748310890971136 73786976294838206464
211518549393408 242833615146719246050423851147210680855979019531772544603477247937282309141259354112 2475955710223714558773559296
211527156105216 242833611528216457384292744160617399334481899117085523802209621704232808893974052864 7427866983092687487016894464
211535762817024 182125212264664889064830660751298179019222761575825100918625039646071776985273597952 1237977892006471326712725504
211570189664256 182125208646162100398699553764704897497725641161138080117357413413022276737988296704 73789228094651891712
214404767416320 994646502462348129063736878511739689865535600907024191805675685189549733873588178518016 776946401120831804854291660800
237494511796224 7770675684695015873613563236710741787391507030980968128525658539027815706313539715072 2417851711357221133615104
237494524182528 254629500836086280146576190751891283851455073586682127776599692354917636245753279222382592 2475880152357807213382729728
237494525755392 926336713898529564217145309140545123652484745802534371717997508567566313848832 668503069687808
237504175472648 7770675568902926636297367813139756778703599177708325006893524667824424084279849385984 7253554989956475320795136
237504187859456 254629497041811100018199099112213674908135828818127979644330013677548592553134249343975424 7427640309499469050467581952
237513839149072 5828006792469276450074581144041541728615262174900252869126420314729740367818351706112 1208925891707407586820096
237513851536384 190972126575633250716049087886494405122635953621287403040532122950602564902560502258860032 1237940113072391754111516672
237552493854768 5828006676677187212758385720470556719927354321627609747494286443526348745784661377024 72057594040025088
237552506244096 190972122781358070587671996246816796179316708852733254908262444273233521209941472380452864 73786976294840303616
237906828460032 3794275180128377091639574036764685364535950860182165994014777858578911552602112000 594211218856983059717160960000
240793046482944 248661621910240507955634023574743737196522694406499332375175088492811866374442818994176 79230582727158865880753897472
240802844377088 248661618204893652361515770020472216918509643101857164618685469398423370507102109827072 237691743458965999584540622848
240812642271232 186496217359016846402386596609329335315684241658118752980402459643632943137209760874496 39615292544207082454807216128
240851833847808 186496213653669990808268343055057815037671190353476585223912840549244447269869051707392 2361255299028860534784
246290619301888 350167326170126050126976569507042336192017287012297533354520423899991113728 4951760157141521099596496896
246771640958976 323519360005807677536004181044235568083645733070486869773243322990592 4951911272868972928243335168
277076930428928 10352619520185845681152133793415538178676901142743122625756566967549952 4835703278599254187180032
277076944879616 339234636437449791280002380217014483639766646754646570564273212286170038272 4951760157141661837084852224
280925220896768 331283824645947061796868281389297221717653468348666097440813943374217216 158461160731807133703786725376
