60
1 14350 1043
2 16779776 29725
7 2048 12894
8 536606 19026
18 16789534 29725
27 30750 16912
31 18432 16912
32 1015839 19040
64 1061920 28512
192 13312 12705
196 2046 17921
198 33537009 1025
199 1030161 20033
231 15710673 19008
264 473536 19008
288 1028126 1057
297 33521664 1025
416 12288 5285
429 14784 5125
431 985566 24133
511 32518174 17921
576 2031646 28512
743 15663134 24133
759 14680064 5125
832 983070 5285
891 32736 16896
1023 32538592 16896
1056 27265112 18432
2114 8982814 25600
6336 27265856 12300
6342 4100 1036
6343 854042 30732
7399 851994 18816
8200 9732105 12672
8200 14057485 13696
8448 25954368 18432
8776 5177374 9600
9225 4521 1024
9504 28114944 30732
9522 4958 28684
11339 14222782 11584
11616 2112 10250
11627 602142 10570
13325 4224 5120
15375 4207744 12672
15439 4202624 9600
15567 9220 13696
15855 864286 12684
15856 27272000 28684
19026 8978450 25600
19475 13728 10560
20051 14221330 11584
20082 14412 24586
20083 589842 10570
23575 4194304 5120
24600 13645216 10560
25344 2097152 10250
25360 2701406 24586
28512 27456 16384
32736 27290432 16384
