80
1 67111024 32
2 28051517440 1048644
4 635077956 6
4 4330358784 262164
7 2048 118
9 8657043456 655404
10 10871635968 72
12 33554432 24
18 27917287424 8257
20 4294967296 2065
25 8589934592 5161
26 10737418240 1205837
32 86 7168
32 542147394 12800
96 542147328 6400
128 1114112 68096
192 1081344 35072
288 68 6656
320 3328 10240
320 6291457 3200
320 541065216 2432
512 11811160064 644
528 25431617280 4
530 28059902532 8196
532 4963405124 2052
537 8657043524 5124
538 10745806916 9732
594 12032 8192
660 1540096 2048
768 536870912 386
786 142609732 8194
788 666897732 2050
792 197132382 2
793 67108890 5122
794 8388676 9730
800 1 128
825 94 5120
1024 1577000 589824
2050 2106561 1048576
3072 1052672 1605732
3074 4160 1048676
3075 2112 100
3076 1050624 262244
4100 1460240 262144
4224 12175758508 65536
5120 1572864 790578
5124 1574928 262194
5125 2064 50
5248 1577516 69632
5280 542147372 4096
5312 542150912 36864
6336 542151810 32768
7168 1048576 1948416
7296 1049088 80640
7360 542146818 47872
7392 542147330 15104
8192 84018176 196618
8194 134218752 1048586
8196 33685504 262154
8200 184549384 10
8201 67108872 655370
9225 9 655360
10240 2098177 1212416
12288 131072 396288
12416 92406784 68608
12480 6292481 35840
12672 98566145 3072
16384 11007967360 81921
16386 27919384705 1048577
16388 4294983680 262145
16393 8589934593 655361
16400 23892852737 1
16410 10739515393 1196033
18432 2097281 1097728
20480 16384 278656
20608 12081709184 65664
20672 538968193 32896
21120 12616466433 128
25600 1 671744
26650 2097153 1196032
