58
2 688 16
3 16 19226
4 21508 4108
5 4 134
8 688128 132
8 18940006 2
16 22020097 1
17 1 3371
18 16777216 18451
32 262169 328
33 8418572 8
35 272 776
37 29700 136
40 262144 8456
49 8388609 296
64 525088 512
128 4329600 14784
264 4617344 8448
320 524288 19156
328 524416 148
392 4355200 8576
429 29696 128
512 26247168 32
768 32768 3301
776 4227072 133
1024 2067 10242
1027 112 18434
1028 2052 4098
1033 18874470 2
1041 18874369 3074
2048 16992 16384
4224 8399131 8192
5248 2048 14336
6144 16384 29460
6148 16512 4116
6272 16640 8960
6371 256 768
6478 128 20
8192 4954240 2112
8320 4331648 6208
8448 19202171 64
8480 262171 8256
8512 524384 18496
8960 18907136 3136
11587 16777312 18432
12292 4200576 4096
13728 27 8192
16384 19923968 1024
20480 1024 13605
20484 4195328 4101
20608 8389632 8480
21169 8388608 288
21276 4194304 5
26385 18874400 3072
27985 16777216 19040
28433 32 3680
28497 16777248 627
28499 16777248 19
