56
1 12291 4105
2 4195344 51
3 65552 65560
5 4096 69
7 65536 1044
9 131104 131112
10 4194304 17
13 8519712 2084
16 2097672 640
32 2048 134144
48 512 34304
64 32768 776
68 241723 8
69 2109963 72
71 66064 1032
77 2228256 2056
80 8388640 2336
85 2884299 64
85 12586032 32
87 4197392 1056
119 3776 1024
144 2097152 2752
160 192 9344
208 8192 386
213 794816 66
215 4194496 1026
221 4980736 2
221 10485760 2048
257 5506389 4096
512 64 78016
544 2622090 192
544 9439524 131072
560 8714 32960
672 2629824 8384
771 1344 65536
816 57358 32768
1024 16388 49156
1025 1052932 4100
1027 65792 65540
1028 8605728 4
1033 9568288 131076
1280 1048836 151552
1792 256 82176
1824 9437476 131328
1840 49156 33024
1904 8445984 256
1952 1056768 8448
2048 2105346 40960
2048 4195408 69632
2304 8194 45059
2305 4465746 4099
2307 1104 65539
2313 4456448 3
2313 9437184 131072
2720 3670016 8192
3328 1048576 155648
