79
1 114 1935
1 56626687 3354
2 184560640 10072
4 7304662400 369091
7 56626560 1386241
8 255852544 14154
10 56637184 12260
16 20939243520 603885
20 22280142848 977105
33 56623201 3712
33 19502506284 2816
97 19479437568 2816
132 22455576960 1401216
192 19385060851 10965
193 56626675 3413
196 19479438336 8661
198 56627968 10069
204 174077696 14165
224 115 10112
256 18397505280 4608
320 19502704416 7552
352 32 6192
353 56623136 1456
363 56623104 1388464
528 2705326080 1209984
660 7249045248 1747072
768 18254888960 9417
784 18275860480 14025
792 171976960 14153
794 184559872 12233
960 19328630784 13674
980 19328640768 10474
982 109061888 10090
990 109051904 12266
1024 82 2080768
1024 57068968 1294336
2048 58224768 1451776
2114 109053056 9984
2180 12673864448 1402624
2708 12726806272 1746688
4100 23763770506 360448
4228 12616613959 1392640
5120 7304826240 196620
5124 7304826250 361996
5125 10 1548
5252 7304826311 1394176
5285 71 1536
6144 12673863040 452430
6148 142105728 370510
6150 140516531 10062
6151 56626611 1386318
6160 12617744384 599886
8192 29760403200 1226496
8324 19503232768 1406720
8456 232794368 14080
8720 10372524288 1210112
10240 23806869504 1650560
10570 98576691 12160
10603 56623155 1388416
10768 23808223488 1208192
10900 110395392 1748864
13676 51 1376256
16400 4070291200 589824
16912 31139856384 1196032
20500 23808685884 966656
21140 12617809998 1736704
21504 7247757312 491550
21524 7247757372 970526
21525 60 3870
22164 7247757390 1740544
22197 78 3840
24576 10200547328 653166
24592 29571659520 604014
24596 19329155072 980846
24600 41957120 14190
30720 1343488 880607
30724 23623663616 372703
30740 23806883584 978911
30750 184563456 12255
