64
1 81925 16401
2 134225984 98
3 1048640 1048656
5 16384 137
7 1048576 8264
9 524320 557106
10 134217728 65
13 32768 4394
16 33556496 2432
32 4096 536576
48 2048 272384
64 262144 3088
68 1917045 16
69 33638421 144
71 1050688 8208
77 34078752 4368
80 557056 5152
85 44042901 160
85 245381877 32
87 134230080 8224
93 67665952 4384
119 14976 8192
128 71303168 896
144 33554432 7040
160 640 74240
208 65536 1540
213 10551936 132
215 134218368 8196
221 100663296 4356
221 245366784 4
256 557090 294914
257 138420546 16386
257 157296075 16384
259 134226240 1048578
265 4751392 557058
512 256 1081600
544 34113842 524544
544 130031422 524288
560 34113586 262400
771 9600 1048576
816 1015870 262144
1024 131080 393224
1025 16794632 16392
1027 1049600 1048584
1028 1228800 8
1033 16809984 557064
1280 16778248 671744
1792 1024 1180672
1824 17335304 525312
1840 393224 263168
1904 1015808 1024
1952 16842752 66560
2048 8389124 589824
2304 65540 344069
2305 2162820 16389
2307 134217856 1048581
2313 20971520 557056
2313 136314880 5
2560 128 1131136
2592 79692292 524928
2608 33619972 262784
2720 113312384 66176
2720 130023424 65536
3328 16777216 753664
