118
1 68723671066 452984859
4 5898240 196611
4 429503283300 234881038
5 4194304 1124073539
8 46137392640 2949165
10 1077984832 2147483776
10 21558722560 3014702
17 68719476900 3473461
20 429509312612 2097184
24 42949672960 50331651
64 134219776 134219776
160 15 22528
320 32768 2768282880
320 258704670720 2560
800 110 50332416
800 268439552 21760
832 258779922556 1157645568
864 268439576 268439552
896 1627414894 16384
960 1685873764 83887360
1024 1048596 1048576
4096 262144 327680
5120 1048576 1572888
5120 4194304 1128464384
5120 8388608 10485920
5124 5242890 453181464
5125 4194314 402653208
10250 7680 623771648
16384 30182211584 655360
16384 116417101824 2424869
16392 43452997120 2949157
16394 21558730240 3014693
16400 412323151968 6291493
16401 68719476740 3473445
16404 429503021156 2097189
24576 503979530 524288
26624 84221445 720896
28676 655370 50528256
65600 2560 2902458541
65600 872428544 57344
65602 3019944960 2150465709
65610 3019947520 2150432941
65858 551903330304 2155905024
66368 1077952576 3758153952
66370 550842155200 2153808096
66400 268439588 3036733621
66402 268439716 2150990005
66496 1681941604 2684412064
66498 1690330212 2149613728
67586 40960 620766464
67650 335549440 623715584
67906 137975857152 629155072
68418 138519003232 627057920
68450 268439556 624239872
68546 1684038756 622863616
75850 335552000 623706112
131076 1572864 252317440
131204 2031616 16846592
135172 117899271 655360
136196 1048584 436869632
136324 1048591 16849408
159748 34210314 34210304
159876 84542730 16843264
161796 84214277 17432832
161924 84215045 16843008
168965 7 16800000
168965 8 1476395008
168965 108 1124090624
169125 83887365 17152
169765 83887470 50348800
262208 134218240 134218240
262400 251659520 512
270344 140123308032 8388608
279560 549755813888 8388608
327680 512 184549632
328000 1280 256
328010 827854946304 2155872256
338250 137975824384 629145600
524288 532584071292 1325420298
524289 68719476760 436214282
524292 429504856164 251662090
524304 30182211584 10
524312 42983227904 33554954
524314 21558723072 16777482
524800 275951648768 2155892480
524800 528289038459 16777217
524801 68719476767 16783873
524804 429504790628 16781057
524824 43033560320 16777729
524826 21558723840 16777473
525120 258779906172 1157648128
557600 268435487 6656
557920 268435480 268442112
656000 1685782628 3840
656320 1685848164 83889920
787457 4194368 224
787480 549768396992 6291680
811032 137445245024 6291456
819200 36 1426063541
819225 164 3473589
844825 4 3473408
845625 83887360 50331648
852800 1077936192 1610612832
852810 825715851392 2162163808
852826 824646303936 6291552
853834 549764202624 14680288
863050 138518986848 627048448
885600 268435492 3036676277
885610 268435620 2150957237
895850 268435460 624230400
922629 4194404 1073741984
922652 12583012 2097312
946204 6291556 2097152
946204 117442304 33554944
984000 1681916004 2684354720
984010 1690304612 2149580960
994250 1684013156 622854144
1013790 1792 16777472
