123
1 396312 1806
3 256 3
5 29591040 4
6 1536 3096
13 3255246528512 92
24 2113536 903
29 12415668224 60
30 4096 4128
45 3260116908032 28
65 3 256
128 129 129
129 257 257
192 11776 1560512
192 11777 1568640
198 169084416 1444928
222 30132408320 1577024
238 30301501440 1048640
256 27477516 774
257 29591052 262
320 169084428 1453056
390 3390308352 1444864
768 3220615200768 28638
768 3220616257600 12126
769 3255246528576 350
780 3255245471744 32862
1792 12147232800 7998
1793 12415668256 318
1856 30132408352 1585152
2816 3225757169776 3870
2817 3260116908144 286
2880 30301501552 1056768
4096 5 29591040
4161 396312 1536
4288 513 31704576
4416 16909836 16909824
4928 3047464902720 169084416
5952 10805055520 101451264
6976 3053958477936 33818112
12480 512 31703052
12483 396288 12
12486 16909824 16908300
12494 3047464902656 169082892
12510 10805055488 101449740
12526 3053958477824 33816588
24966 16908288 16908288
49152 3047463845888 169279488
58254 831126503424 169082880
98304 30064771072 67637248
99840 67633152 4128
99864 67633152 32
99864 3221225472 1577856
100254 33353629696 1576960
124830 10805051392 101449728
133152 103890862464 4227072
166424 3223339008 902
166440 3225452544 6
166830 30301487104 1048576
191390 270548992 1
191406 3053958463488 33816577
191406 3054229012864 1
196998 3221225472 924672
199680 3489660928 8126
199728 3758096384 62
266240 29 1320960
266240 49539 29360128
266432 3585 32778240
266560 33818124 18098176
267072 2216338399296 169093120
268096 12952539168 101984256
269120 2229324757104 34875392
532480 20096 31457280
798912 3584 32768080
798918 33818112 18088016
798926 2216338399232 169082960
798942 12952539136 101974096
798958 2229324756992 34865232
1064960 34013184 16777216
1572864 2216338391040 169082880
1597830 33816576 18087936
1697694 12952535040 101974016
1764270 2229324742656 34865152
2097152 415546540032 8454144
2113536 16842752 16842752
2129920 25165824 115584
2130688 27279360 17286
2130700 29392896 32774
2228224 415538085888 14795648
2230272 415540199424 2114438
2230304 415542312960 4227078
3145728 99078 25166082
3145729 99078 258
3194880 2216337342464 167772160
3407872 6 4227072
3411968 49542 29392896
3461900 49536 32768
3670016 34630288000 6340608
3678208 17024 31506432
3728128 16384 16385
3728140 16768 32769
3803136 34630287360 2113537
3803168 34630287744 4227073
4194304 1101659111424 126812160
4259840 11878268928 1040256
4260608 12146704384 24510
4260620 12415139840 32830
4308992 10804527104 101646336
4325376 1102732853248 15720320
4327424 1103001288704 2121662
4327456 1103269724160 4227134
6291456 17179869184 201326592
6389760 30064771072 67108864
7454720 12952010752 100663296
8388608 1374389534720 59179008
8519680 1511828488192 14680064
8519680 3878590349312 511872
8520448 3225755320320 20382
8520460 3260115058688 32798
8521728 1546188226560 2117534
8521760 1580547964928 4227102
8568832 3053956628480 34013184
10485760 2199023255552 134217728
11714560 2229322907648 33554432
12582912 1099511627776 117440512
