104
1 12885688368 33554516
10 56623104 2074
19 8589934592 111155893
32 9395814435 20983562
32 9395822691 10752
64 16777472 256
160 8590512128 6656
256 69210240 180362070
256 90181760 180366166
264 35653760 18
266 56625280 2066
320 16777216 1280
362 12885696624 2116
363 13019914352 68
480 8589938688 201338976
487 8657047552 201326688
490 8590725120 2084
495 8657833984 36
544 805306496 128
627 2097280 6784
627 16778240 1024
864 8589934720 178268885
874 4294967424 2065
883 8592031872 178264789
891 4297064576 17
1024 2451 42270720
1024 2580 8456192
1354 2580 2048
3072 2715977600 294912
4096 65536 589824
11264 2179073024 425984
16384 1342193664 278528
20480 16384 209240064
20480 1064960 202899456
32768 17180917824 135266304
33792 9664266276 9437184
33793 2451 33554432
65536 224408970 46497792
66560 31459210 8749056
98304 10 16778248
98305 56626570 33554434
98336 16778250 20972554
101379 9664266340 1048576
114691 17180917760 1048576
131072 180224 113385278
131072 8590639136 130031422
131073 8590721056 33554484
131076 262144 262196
131104 8590508064 20979466
131200 49152 171786
135172 5100587392 262144
138240 2684518400 132104
138244 2741144960 262146
138368 2701296640 164874
146436 2204238848 262154
146560 2164392960 163850
151552 2684370944 6423947
151556 4563419136 262145
151680 536887296 165258
163840 8590983200 67633152
164864 8590524448 8912896
236551 8590524416 524290
236551 11331505536 2
236563 2684354560 6291843
237203 2701132800 1034
249863 8590983168 201850880
262400 203436160 180715584
262499 17315143680 1048640
262631 8658096128 201850944
263027 25771901056 178602048
270344 209728100 4
270592 10486400 360452
270691 9798492260 1048580
270823 8657637376 524292
271219 1075839104 344068
327680 1032 63406080
327680 224395264 134225984
327936 224407680 180723776
328032 17180925952 1056832
328160 8590987264 201859136
328544 25769803904 178610240
328704 31458312 8880128
337920 31457280 492036
337930 12900 2052
338176 31457920 360964
338240 12900 2560
338272 9664274532 1049092
338400 8590528512 524804
338784 1073741952 344580
360449 56624136 33554442
360480 16778248 20971530
506895 2204107776 10
507547 2164261888 10
524288 2952790017 23070091
524289 4294967297 33554433
524320 805306369 20972938
557056 25769803777 44384256
558080 1073741825 8732672
622611 25769803776 178601984
642067 1073741824 344064
642067 2684354560 6292875
675860 4563402752 1
675860 8589934592 201326592
676480 536870912 1418
