105
1 4499456780 33288
3 268436480 5505045
3 4764747520 1048580
4 8589967360 10485800
6 4294983680 149796
9 144703488 1560
27 268435456 29
36 165888 34
54 536870912 2535
65 43497195560 2130432
128 4363141380 49932
129 4497359620 1081868
192 4832905220 1065216
256 34905131040 10652160
320 4840245280 133152
321 43495098400 10519072
326 4831856640 1198368
353 43486709760 8388640
390 4831844352 9586944
585 8593080320 1536
1152 605028352 325
1161 135266304 1541
1170 4496293888 5
1206 4831838208 2501
1728 1048576 1856
2304 38663094272 2176
2880 8388608 3770
2889 8598323200 1594
2925 8589934592 58
8320 2501 16384
12480 5 3194880
16640 159778 8519680
20800 34 163840
65536 50593985 4161
65664 605028545 16449
66560 42940497920 65
73728 193 20480
98304 262145 4527168
98496 1048577 3195968
99840 25777405952 1024
110592 1 7720960
131072 3221762050 532608
131328 38663106562 8519808
147456 12290 9052160
163840 524290 74898
164160 8388610 165010
184320 2 237568
199680 41884844032 128
232960 25778716672 1235
262209 98333 2129920
266241 1594 32768
274561 1541 3178496
278849 98338 8421376
524418 22336 1048576
798723 1536 4456448
1064960 19360981120 524290
1064964 570665088 2
1064992 19361073152 8388610
1311045 98304 10485760
1573254 4294983680 9584640
1589382 22656 8536064
1597446 2176 147456
2097152 17184391185 4260864
2097217 8593145873 2130944
2097672 1310720 1088
2129920 273155090 66576
2129921 144704530 33808
2129928 417857536 1105
2195456 268698625 4523009
2195585 135267329 3179521
2196488 410255360 1089
2228224 17180459010 590866
2228545 8598388738 8422418
2297352 8912896 1107
2359296 65553 6389760
2396160 1042 98304
2469888 1025 7700480
2506752 65538 9011200
4194304 1358959680 262145
4194434 4496299072 1048577
4195344 83886080 1
4196384 5368709120 192
4718592 5184 1310720
6389763 268435968 4456460
6389784 402653184 13
6389889 134218240 3145740
7188480 512 7602176
8490528 25769803776 211
8519712 62847451136 8388801
8586272 42446356480 193
9584640 19360907264 8912896
10485760 17179934720 4718610
10486085 8590000128 10485778
11796480 65536 15204352
12582912 1073745920 798720
12713984 1107300480 536769
12714118 4831842432 8536257
12779520 33554560 12483
12779526 536871040 147651
13844532 570425344 2
14155776 4096 10385856
14156166 4294971392 9587136
14159286 4294967296 2496
14303232 4224 9072640
14376960 128 159744
