104
1 4227330 4194374
6 8192 234616815
6 12288 84546600
9 11632902144 33042
32 64 16920328
32 86660329 16909320
96 2118784 2176
160 67764224 4096
256 135274496 135274560
265 4227394 33092
297 66 33028
320 2121728 14795655
329 2113792 33027
384 68173824 114137910
393 67158016 33074
512 26038239232 63418142
512 28202500096 63409950
521 11559501824 33050
528 9395240960 32794
800 16777216 1024
1024 35932305 34963472
2050 15033310208 16
6150 131072 1832832
6150 147456 1172352
6150 917504 524288
6336 268451840 14208
6336 268582912 5120
8448 17350019281 1146880
9216 15149826048 264192
9472 35932369 1148928
9504 18396217344 100352
9504 18396217425 2048
9536 2115712 18432
9600 67371008 788480
9728 15049162752 395264
10560 268454016 16384
12672 8590196736 786432
16400 1623195648 32768
16896 12884901888 393216
24580 1056768 134217792
24600 138445122 68
24832 17180925952 135266368
24848 17318314306 32836
25625 6 4
25904 18396217410 32772
26630 24576 15852423
26650 16640 131075
26650 15032402176 131072
26944 268460032 14803847
26960 268452096 32771
28672 1064960 115194678
28700 49152 50
29056 8590999552 114146102
29072 8589983744 32818
29568 268435456 9088
29568 8589934592 15104
32768 8454660 142606336
32769 19 4194304
65536 2113665 52841625
65537 2113793 4194305
65538 384 1
65568 2118785 16911496
65600 5120 134280
66560 2115713 33832976
67584 2048 278544
98304 2114049 6291456
131072 67637280 84546600
131073 67158048 4194352
131076 143729220 134217776
131076 144306756 48
131104 67764256 16913416
131142 135168 136200
132096 67371040 34078736
133126 790528 524304
163840 67190816 104857600
196614 4608 14680064
196614 8192 232783872
196614 12288 98566144
262145 11632902200 4194320
262152 5140119552 16
263168 15149826104 33554448
294912 56 37748736
294912 12173967360 8454660
295168 8454724 134283780
295200 68 66052
295232 2114048 14746116
295296 67190784 113312260
295424 12096372736 62980612
524800 9932111872 62980100
549120 17322541636 134283268
550176 18396217412 65540
551232 268452352 14745604
553344 8590016512 113311748
786433 11559501832 4194328
786456 11542856704 24
786464 16777224 16908296
786522 132096 131080
787456 15049162760 33685520
788506 15032517632 131088
819200 12096372744 54525952
917532 142606404 4
942084 142672452 134217732
944134 16896 14680068
946176 81920 113246212
