70
1 32 52
1 2929355 33288
3 266944 17
5 565248 2
8 8521728 133152
10 268288 20805
12 659456 91542
16 136314880 116508
16 587202560 32
25 2097152 8
32 4527185 68864
198 32768 10
198 16781312 37
264 549786737 2304
288 443023360 1040
296 4527217 2320
297 49 16
298 267328 80
300 589824 1168
304 438304768 1552
330 16782400 64
396 33619968 1152
528 301989888 1536
776 537004032 133120
842 16783360 20837
896 135168 93622
908 33689600 91574
924 16777216 37
924 33554432 54
1024 1065220 147456
1056 26 65536
2048 266305 104025
2049 266945 33305
2050 640 537
2080 267329 66624
2112 1024 1088
3072 266497 4096
4096 532610 41610
4097 565250 33290
4128 589826 65664
4224 73856 128
4290 32896 522
5120 544770 73728
6144 2048 195567
6144 2176 41610
6336 128 650
6336 4096 2405
6976 6144 22885
8224 443023360 65536
9216 255590400 16644
9224 1065252 131332
9225 36 4
9226 266496 20740
9228 544768 90372
9232 253755392 114948
9504 613416960 256
16400 117440512 114944
17160 546324772 131328
17226 16781568 20736
17292 33574912 90368
24577 2097160 33280
24608 438304776 66048
25344 436240896 131584
25344 445827876 131072
25410 33280 512
25600 253755400 98304
26400 613416996 256
27456 4352 20480
28672 133120 131072
29568 20480 90112
