104
1 12885688368 33554452
10 56623104 2138
19 134225920 151004232
32 4644 2560
32 9395814435 20972810
64 16777472 256
160 8590512128 6656
256 2097280 6291843
256 23068800 113253174
264 153101440 8210
264 184560640 18
266 56625280 2066
320 16777216 9472
330 2580 2048
362 12885692948 2052
490 8590725120 2084
495 8657833984 36
544 805306496 128
627 2097280 111150133
627 18875520 9216
660 19327364499 10
864 128 111155893
874 4294967424 2065
891 2106496 8192
891 4297064576 17
1024 10191 8454144
1024 19328532552 425984
3072 2715977600 294912
4096 65536 589824
11264 17212383232 1474560
16384 1342193664 278528
19456 2684518400 264192000
19456 11274452992 112017408
20480 163840 6340608
20480 180224 158515200
32769 11739 33554442
32800 9288 20971530
33792 9664266276 8388608
65536 90183050 46497792
66560 31459210 8749056
98304 134225930 16778248
98305 56626570 33554434
98336 16778250 20972554
131072 1228800 265297726
131072 8591687712 130031422
131073 8590721056 33554484
131076 262144 262196
131104 8590508064 20979466
131200 49152 171786
135172 5100584979 262144
136196 19328544147 262154
136320 19328541696 163850
138240 2818744320 152044552
138244 2741144960 262146
138368 2701296640 164874
146432 17315143680 1056832
146436 17237549056 262218
146560 17197703168 172042
151552 19864240128 158336395
151556 4563419136 262145
151680 536887296 165258
163840 8589934624 67633152
164864 8590524448 8912896
169617 2451 10
236551 589824 524290
236551 2741570944 2
236563 2818580480 150995976
237203 2701132800 1034
262400 69210240 113606688
262631 8657047552 524320
263027 8592031872 111493152
270344 12961190420 4
270592 10486400 360452
270691 5369036820 4
270823 8657637376 524292
271219 1075839104 344068
327680 8256 198672384
327680 90177536 67112992
327936 90181760 113610784
328160 8589938688 528416
328544 8589934720 111497248
328704 31465536 9928704
337920 31457280 1540612
338176 31457920 360964
338272 9664270848 516
338400 8590528512 524804
338784 1073741952 344580
360448 134225984 134225984
360449 56631360 33554506
360480 16785472 20979722
506895 17236500480 74
506907 17314095104 8256
507547 17196654592 8202
524288 20132659201 23070091
524289 4294967297 33554433
524320 805306369 20972938
557056 8589934593 44384256
558080 1073741825 8732672
642067 3758096384 150994944
642067 8589934592 262144000
642067 9663676416 151339008
675840 19864223744 157287819
675860 4563402752 1
676480 536870912 1418
