47
1 1015825 845
2 161049984 30
2 245799399 45
4 159783 3445
7 1073737728 11
12 11010048 52
15 12582912 2535
16 698781696 45
18 153542695 40
20 10915840 195
23 1060139047 16
26 11534336 260
33 786435 832
64 2130432 2880
64 457357001 3264
132 457425639 3392
192 180268 390
193 1073737772 838
196 184730343 3398
198 837378791 6
212 85364736 198
224 2883595 704
384 28679 3328
416 41 3705
417 786473 889
429 120847911 57
431 121634343 2553
495 2330121 2496
512 937390119 2880
576 460288039 320
660 458037321 192
704 196656 1885
705 1072721943 861
708 272855079 3421
724 509175911 221
726 837380199 29
736 57 1024
768 4223022 3575
783 12582921 2551
788 10776622 247
792 10194919 55
794 12554222 311
858 2330569 256
928 2883584 975
943 119304231 2511
954 2883623 271
957 119304192 15
