79
1 541098082 2307
2 128 17
2 25971140736 48
4 13527973888 2148
5 64 14442
12 18396217344 1835121
18 25971130368 1121356
20 13690208256 262168
24 222298112 294934
33 97583438 2304
64 1578592 6144
96 96 547234
97 352 2338
132 107895219 2048
165 108068915 14336
192 1572864 1124896
196 1579392 2080
198 6528 32
288 270548992 3457
292 270549043 2049
293 18503172147 14337
297 18503172096 1
384 106954803 30848
512 28135522312 15880
513 541097992 2312
516 13690372096 2056
528 15321793536 8
530 25971131392 7176
594 1024 7168
640 163840 134144
768 76611652 68352
800 4 2692
801 97583172 2308
805 18397331520 14340
825 18475909120 4
1024 104857682 51328
1056 270549125 2176
1120 224 542848
1408 106971187 18560
1792 268435460 67712
2048 1024 917504
2048 6528 524288
2048 201329920 786432
3168 128 540672
4096 134742080 1653248
4224 29217726472 14848
4288 1581056 1128960
4736 29217652744 145920
4864 135331904 80384
5120 32768 1740032
5280 270549000 3328
5504 287326208 19712
5760 16809992 134400
9216 16777216 442394
9225 541098048 26
9228 32832 1835034
9240 557842432 294938
12300 134250560 1835008
12672 287309824 16384
16384 27053260800 2031732
16396 18261999616 1835124
16400 30841020480 116
16402 25971138560 1114228
16404 13661143104 262260
20500 134512704 262144
21120 29200744448 131072
22738 8192 1114112
24600 100696400 294912
25344 276832768 65536
25600 268435456 344081
25620 373293056 262161
25624 637567056 294929
25625 541098064 17
26624 201326592 629282
26648 201326848 294946
26747 256 34
27392 201335296 72192
27456 8704 6660
27458 8704 4
