58
1 65543 2058
2 32992 1
4 72704 66
4 17318400 792
10 32768 17721
13 65536 82
16 7471104 4
24 131072 20892
32 8205 8512
64 1440 32
132 3156175 64
164 8192 832
192 1024 18019
196 1216 67
214 1048576 227
256 17752576 264
260 17326592 776
264 8716559 8
265 65551 72
266 33024 296
280 8519680 392
429 15 64
512 13635584 128
640 4096 21190
644 3149824 70
662 128 230
726 1048704 224
1025 2097234 2048
2048 1049121 1024
3072 1 11555
3073 1048769 2051
3104 257 8480
3271 1048768 3
3434 256 288
4096 21520 18944
4096 23552 2048
4128 8208 8704
4288 1536 17920
4480 16802304 512
4736 16781312 20992
8192 688144 24592
8192 9339160 8192
8193 65552 2064
8202 33280 17424
8204 17367552 16
8216 16908288 20496
9248 8388888 8192
13312 16 26624
14538 512 17408
16384 20971652 4096
17408 4 14726
17409 3145860 2054
17440 8388612 8576
18069 3145856 6
18232 8388608 384
18432 128 5120
18432 1048704 3072
29336 16777216 20480
