73
1 2396745 266243
9 4456448 101
16 2 1065412
16 7456542 1065220
48 2131712 576
80 4276224 1024
102 32768 6594570
136 3052107 2
137 2396747 66
144 1048576 2304
153 11 64
169 2130496 72
170 33344 8
192 4194304 6657625
201 4198400 81
204 4096 2065
204 9441280 2048
256 532610 532480
514 5592405 4096
771 9584661 4
869 9584640 4
1536 131072 13845782
1542 128 40976
1542 69760 16
1632 16384 1284
2304 6815744 159874
2432 532608 130
2464 2130048 41090
2496 4235264 77954
2570 12976128 36
2572 131072 2082
2668 9568256 2052
3204 139392 2
3238 32896 40962
3264 40960 77826
4097 49 266244
4112 36 1064964
4352 58 524288
4352 9586980 20480
4866 9586965 4100
4896 9586944 16388
8192 3072 8388608
8192 2130440 3461965
8193 2130504 266249
8194 64 4105
8208 2131720 1065796
8224 1280 17220
8448 2130056 557056
8704 640 32768
12288 2129928 2621440
16384 4390928 5326100
16385 4198416 266256
16400 4276240 1066244
16640 4235280 593920
17408 107520 69632
17920 132096 13714708
17922 70656 4112
17952 17408 17668
20480 4227088 4980736
26112 1024 13631488
32768 8388640 8521760
32769 4456480 266276
32784 1048608 1067012
33024 6815776 675840
34816 15337472 151552
35328 133120 133152
35330 12978176 4132
35360 9570304 18436
36864 32 11838090
36864 6291488 2663050
37024 2129920 41610
37056 4227072 6595210
49318 32768 6553600
