47
1 559284456 36
1 665980135 4
3 1536 2795
4 1863680 130
12 11274944 28
17 553783296 36
17 669392832 20
19 5244160 3835
20 8785920 3510
27 266240 37
28 6291456 40
30 5511872 2275
32 738280357 256
32 971247225 2304
99 16777280 2752
132 619063771 128
160 81920 390
164 317017115 134
165 665979163 6
180 889328896 3462
190 5509120 2246
256 7372992 1950
260 167283200 158
264 6029312 30
275 5243072 3806
276 159648256 3486
384 165972480 1792
544 335545600 3072
544 954703360 1280
576 448 4095
579 31723008 2815
594 11536584 63
595 31722952 3839
606 11537088 2303
627 31721480 3776
660 619059480 3456
672 15175680 1430
676 1072144320 150
692 417732120 3478
693 669391320 22
864 192 2368
896 150995520 2560
990 14948489 2240
992 2112 195
995 14944320 2755
1022 5511305 2243
1023 11540617 3
