79
1 105683250 1574278
6 14801159 7793
9 13526630414 868435
16 6711299225 1835016
18 9856 14378
20 217707495 6840
25 14764858240 983105
28 34380048 109
28 52428825 2064
28 220201065 524365
64 221934825 4472
66 6174395289 120
82 6174395545 14456
84 221934569 6904
198 14827624711 7680
276 29360142 6872
288 14879293440 1681792
512 3758325760 1967104
594 6226673664 14336
660 14879522830 6784
800 13474912512 2056320
832 6400 527953
838 14686471 7761
896 209721700 13952
928 101456176 13798
929 101488944 1510
934 14795399 7782
948 14879293454 6886
957 14864695945 102
992 10752 6269
998 14817139584 7805
1010 52849177 14461
1023 14764858265 125
1025 161480781 1585152
1921 161480781 12288
2048 536903936 557146
2050 14804231 90
2064 1893738112 1835098
2073 1342259847 983130
5120 13422598400 723025
5145 13437278471 983121
5308 52428825 2048
5920 13475027225 2050048
5955 14680071 81
6144 27650545920 1861248
6336 1731072 9856
6656 27869282304 1975936
6944 10857 2057856
6976 220207465 534144
9225 27725611022 868352
9504 22650925926 1671168
16400 19880165376 1835008
16896 28724360681 1966080
18432 1893728256 699648
18720 1356890112 1682688
18944 758838761 1977600
19008 221935081 11520
20480 162742272 919168
20768 22650893156 1672832
21120 211366756 1664
21280 22602268672 2049664
21504 13526630400 1017304
21513 13547601934 868440
21761 4194306 1408
21761 29360142 88
21792 13522436098 1672576
25625 27650431239 983040
26400 22602394224 2048000
27484 220201065 524288
28672 76323094 1785856
29696 22655120230 1753101
29697 267164031 1572877
29705 88781799 868365
29712 22549965337 1835021
29725 216708071 13
31744 105 786509
31753 27650552809 868429
31769 27665111303 983117
31775 14805639 77
