79
1 6 65556
2 4200192 66
2 33818646 16
2 29016203520 64
4 67665952 524332
5 33816576 278641
10 4194304 1107791
12 205520896 4129
16 3783262208 580
28 268435456 2201
32 4295229458 264704
64 128 1110400
64 536874368 8448
64 8590561440 4096
128 98304 202240
160 8589934624 1587328
256 2168455168 1676
264 76121120 12
266 4195328 9996
268 67731488 4108
272 2172649472 524
460 8590557216 4096
528 5368972822 512
544 4563402752 10256
560 4295229462 528
563 33816598 16
572 301989888 2192
576 536870912 33606
592 536872448 582
800 138412032 13408
812 8728346624 4192
825 33816608 96
828 8623751200 2272
924 8590196768 2176
1025 28991227502 65536
1056 139495507 262144
2048 41090 1081344
3072 2 1419590
3073 1538 65606
3104 2050 272640
3168 2048 10496
3667 1536 70
4100 270061569 524288
4224 57033736 196608
5125 268632065 278528
5280 139493384 1572864
6144 32768 1812322
6148 36864 524386
6150 4096 98
6272 33792 206592
6602 1024 9984
8192 40124416 212993
8196 473972737 524289
8197 33816577 278529
8200 476053632 1
8202 4194432 1097729
10314 128 1097728
12288 268451841 540800
12320 268697601 262272
12416 2204385280 196736
12672 2204106752 128
16384 25769803874 1122304
16416 4702896194 270336
16544 8591015968 1581056
16896 22418563328 8192
16960 536879360 40960
17408 139493442 1310784
17409 29016195170 65600
17412 139493408 524352
17427 29016195072 64
19008 8448 32768
25600 8 1703944
25601 25362440 65544
25605 268632064 278536
25625 293601280 8
28672 196608 410624
28800 2147680264 197632
28832 138412040 1573888
29568 2285895680 1024
