81
3 524320 524328
7 524288 4132
9 1310800 1048648
10 67108864 33
13 1048576 8260
16 270532737 21
16 1352663685 84
16 2164261896 4200
16 24077413593 4194
16 30570199281 4208
17 49155 16393
18 67112992 96
21 16384 133
32 16778248 11392
96 1024 136192
128 131072 1544
132 2015355 8
135 525344 4104
141 18088016 8200
149 16827403 136
231 8589945888 4096
256 4194562 10624
288 2952791051 9600
320 384 37120
429 24427637851 8192
512 1082163716 1664
512 1904248335 1280
576 10240 268288
672 262144 2576
679 67123232 4112
685 168034384 8208
693 234895472 144
693 257965563 128
759 8589939104 4096
800 2969568267 9600
928 32768 770
941 24612187227 8194
949 6324608 130
951 67109248 4098
957 24685587547 2
1024 262160 1441872
1025 27323806437 80
1027 67121184 524368
1033 134479952 1048656
1041 27122467461 16464
2048 8192 1845248
2112 4349496602 10240
2144 17040408 141312
2368 37748994 43008
2624 4295239680 272384
3075 12928 524288
3168 491550 131072
4096 65540 196612
4099 524800 524292
4100 1654784 4
4105 9437184 1048580
4113 8405508 16388
7168 512 590336
7264 196612 131584
7392 491520 512
7488 8421376 33280
7744 8651268 262656
8192 33554432 294912
9216 32770 180227
9219 67108992 524291
9225 142606336 1048579
9225 211812352 3
9233 2130050 16387
10560 3812622852 32768
13312 8388608 1146880
16384 9672065668 1736704
16384 10754228354 622592
16384 19344162818 720896
16384 26851934852 1785856
17425 27111981056 16384
19008 4303356420 262144
21504 8389124 344064
26624 128 573824
26720 16809986 131456
26944 3783295622 33152
27456 3766485508 384
