68
2 68174084 151589
2 68174789 4097
8 136613896 8
9 8 164652
12 407408657 65
16 50864130 2
17 2 74134
20 134750208 239599
20 680009760 2340
32 272629776 1105
32 545275950 260
35 1 21
35 68173829 4
41 1048584 772
44 272629777 81
49 67125250 388
52 545275936 2308
64 17280 87360
64 17056704 70720
128 134782976 99913
140 134516736 73
148 532480 241353
256 137363456 512
460 17039360 64
512 101203968 128
724 16384 2304
896 134742016 74947
908 17301504 67
916 134217728 241347
1024 1042 196656
1024 68177214 131104
1026 1025 4112
1026 68176132 147488
1033 12648456 163872
1037 272695313 16
1041 805437442 73744
1045 545390624 32
3136 1024 86016
3136 68177152 16384
4224 541261824 196656
5257 4259840 163888
5265 537001984 73776
8192 148996608 32768
10240 512 54025
10242 266752 4105
10304 1049088 17152
10374 266240 9
10601 1048576 768
12288 151880768 66560
12352 17040448 70656
12416 138510336 99328
12704 272629760 1024
13184 268959744 74752
14338 17044544 4096
16384 839524480 8192
18432 128 29059
18434 16777344 4099
18496 67125376 16768
19057 67125248 384
19358 16777216 3
20480 134883328 133120
20544 18432 18432
20608 537534464 141312
21152 545275904 2048
21376 142606336 165888
22530 2048 147456
30601 8388608 163840
30609 268435456 73728
