58
2 6085 17
2 6284 21
3 9 3171
6 3072 9513
8 34824 16927
8 1010715 16912
16 31484955 528
25 19 2
28 25600 8
33 89 18
35 73 3186
99 2112 224
132 19712 24
134 3328 9528
198 264 416
256 34824 15840
528 18353000 512
594 864 1
792 524288 30
995 2048 239
998 8 431
1023 2056 15
1056 6291462 3072
2048 352 1057
2048 512 16897
2048 6284 4224
2083 76 3200
2112 1050792 128
2112 1050984 672
2182 6400 9344
2624 1050632 33
2640 1051496 513
4224 12595200 9216
8448 4655112 15360
16384 15901699 1024
16384 17317904 16384
17408 196611 19026
17416 196627 16914
17440 6291459 3666
17456 6291475 530
17664 196616 15424
17952 6291464 64
20480 402432 25368
20488 418816 16920
20608 12592128 10008
20624 12608512 536
20736 395264 15616
21120 12584960 256
24576 163840 31710
24584 688128 16926
24832 4360200 15808
25344 4196360 990
25360 4720648 542
25600 202752 13312
28672 393228 7168
31744 6156 4228
31747 12 3204
31750 6144 9348
