73
16 8785953 786627
16 11714604 788675
17 6657625 29
51 7079616 3520
112 8915072 10918505
112 13897024 6391320
170 6656000 12291
176 54080 1885
224 11717376 1365
255 110592 1331205
256 6123543 4260880
257 2080 32
768 532608 11451115
768 678208 7456540
1799 3194880 98304
1799 8519680 200704
2304 10383360 69632
2730 130 12288
2816 7188480 122910
2986 6656130 12318
3003 532610 30
3072 8192 13312050
3084 133120 14421495
3084 183040 1311045
3260 6737216 13311154
3260 7128512 14589431
3276 6555200 3200
3327 6563392 1334725
3584 126976 217141
3822 780 21
3839 6125260 1332229
3855 8521728 3445
4079 11716620 3413
4095 3727500 1333573
4112 1311045 786432
4352 14913080 5505024
12291 1863687 130
12291 5324820 1040
13056 8128448 7341852
16140 5031891 14418050
16140 5426708 13108370
28679 1864135 200753
28679 5059795 98328
28784 32768 10915881
28784 53248 13045809
28860 5092563 14585897
28860 5346580 13307953
36864 14683648 4457553
36873 1235 28
36873 1300 17
36976 6063552 6390616
36976 8935552 13046897
37008 2130432 1792
37008 3461952 1088
37027 1331335 158
37027 3462740 1053
40455 8254675 167989
40455 14910740 200736
40636 2191635 1410053
40892 1452359 13309106
40960 2292168 3724174
40976 2150728 788382
41120 20800 1950
41216 2193352 4248592
41728 8289792 7395100
43520 8253440 53248
45056 2097672 7602176
49164 1835463 13107200
49164 4981971 1310720
57344 10385895 13893632
61440 10226151 8519712
61696 10455527 5636128
65280 229376 131104
