58
1 38 3
3 12582952 22197
8 2570464 2114
10 224 4628
12 2111752 30
14 264 8456
19 12582912 9
19 20971520 16
20 2097152 66
64 405664 6342
66 12652 22
66 799348 16
67 36 166
72 405728 2118
78 12552 774
99 4 160
264 372743 2112
320 405504 4224
429 15 1
462 12296 768
515 12582920 22204
528 6297600 28
528 13632519 1
660 7175 64
942 8 8449
1024 21004305 5120
2048 21783072 16912
2051 20971568 22032
2062 24840 8720
2112 64 6144
2112 25592 528
2122 811232 4624
4096 8658952 29596
4104 2373632 2140
4224 4096 960
4352 274432 7104
4608 8388616 22428
4628 2103296 92
8448 65538 2048
8448 974853 4096
9216 13665288 1057
9224 32775 2113
9472 32773 6240
9504 1029 96
9728 13632520 21537
10144 1024 8225
10164 1031 65
12288 286720 24576
16896 30409752 21504
19456 21782528 16896
19786 811008 4608
19971 20971536 22016
20064 24600 512
20398 24584 8704
20480 2097152 2048
20480 8389640 9216
25600 14443528 20480
30624 25600 8192
