118
1 68719476890 452984859
4 154621181988 243269774
4 154631274532 8388736
8 45063634432 2949165
10 32256 1085145326
10 551903329792 11403438
16 274882101312 4194368
17 68719476836 3473461
20 154623016996 2097184
24 45097189376 50331651
26 551903330304 2147483776
64 134219776 134219776
320 120728846336 2560
320 413927473152 620769024
800 268439552 5632
800 352326912 768
832 533653635132 1694524672
864 268439576 268472320
864 268473624 32768
960 607921188 83887360
1024 1048596 1048576
4096 262144 327680
5120 4194304 16449787
5120 5242880 10158235
5124 1048714 461373595
5125 138 452984987
10250 7680 632160256
16384 118623633541 720896
16384 681255632896 3014693
16392 43452997120 2949157
16394 551903305216 11403301
16400 137441050656 4194341
16401 68719476740 3473445
16404 154620919844 2097189
24576 503979530 524288
25600 10 12779520
25600 4194378 4194304
26624 2155880064 9109504
28672 655360 8585347
28676 2148171786 58720387
30724 2155905152 2155872256
65600 872428544 1828741229
65600 872431104 1828716653
65602 1946186752 1076707437
65610 1946189312 1076691053
66370 1077952576 1077952512
66400 268439588 1962958965
66402 268439652 1077231733
66496 603989028 1610637408
66498 608183332 1075855456
67586 413927497728 620766464
67650 335549440 623715584
68418 413392715808 624960768
68450 268439556 624239872
68546 606086180 622863616
75850 335552000 623706112
131076 1572864 252317440
131204 2031616 16846592
135172 30065229831 655360
136196 1048584 436869632
136324 1048591 16849408
151556 32254525573 17432832
151684 2240086149 16843008
159748 34210314 34210304
159876 84542730 16843264
161796 2155872896 2164949248
161924 2155873664 16875776
168965 8 436214272
168965 36 96
169125 15 16783872
262208 134218240 134218240
262400 251659520 512
327680 512 2332066048
328000 1280 33024
338250 413927473152 620756992
524288 257701969980 1862299402
524289 68719476760 436214282
524292 154622754852 251662090
524304 560526786560 16777482
524312 42983227904 33554954
524314 551903298048 2164293898
524800 253406937147 16805633
524800 529358585915 28416
524801 68719476767 16783873
524804 154622689316 16781057
524816 573462020096 16777473
524824 43033560320 16777729
524826 551903298816 16810241
525120 533653618748 1694527232
557600 268435487 6656
557920 268435480 268442112
656000 607846436 3840
656320 607911972 83889920
675860 32245809285 16777472
676020 2231369861 16777472
811032 412323151968 4194304
819200 36 352321557
819200 2147516416 2197848195
819225 10 131
819225 100 3473525
820000 2147516416 32768
844825 4 3473408
847900 2147516426 50331779
852810 1077936192 1077936128
863050 413392699424 624951296
885600 268435492 1962934389
885610 268435556 1077215349
895850 268435460 624230400
915486 2147516544 2147483648
922652 4194340 2097248
946204 2097188 35652096
946204 35652142 33554944
946364 83887370 16777728
984000 603979812 1610612832
984010 608174116 1075839072
994250 606076964 622854144
1013790 2147484288 2164293888
1013950 2147485056 16810240
