294
16 9732393 283467841800
32 335880200 8804682965000
128 921270485850 7569639
256 13207024439300 235117575
4096 3244065 460635242925
4112 3440681 288836550925
4136 327688 13958643725
16384 346038528 14740327773600
24592 10486016 274877907200
32768 779536565214 5406885
32896 783831532506 7504101
33088 12884901892 163845
131072 13606456397952 173020320
196736 412316860544 7340256
2097152 100762625 5502926853125
2097176 294921 5368709125
2097184 100992008 8801461739525
4194304 311436576 5669356836000
4206592 3145760 171798692000
4210688 312485120 14465449866400
10502144 100664320 14293651174400
12582944 301999104 8796093030400
16777216 24212878161950 67176450
16777408 27917287450 65538
16777472 24202140743684 234953730
33554432 29480655547200 69208128
33652736 755914245056 2097216
33685504 28999619209344 169874496
84017152 24189255841792 167777280
100663552 28587302348800 234888192
134217728 17592186060808 360459
134217728 17609365930000 20546163
268435456 18141941875200 638176275
268435456 18313740567456 32769
268435474 297 33
268435584 566935683930 2163282
536870948 1025 1025
536871168 23112292792350 67192850
939524096 17592186060800 819225
2147483648 318911053824 850429476864
4294967296 8804951654400 26414854963200
9663676416 8589934592 491535
19327352832 274877906944 491535
19327352960 318901321728 7569903
38654705664 8796093022208 491535
38654705920 8804750131200 235125775
68719481344 264 825
68719509504 177167401092 5406753
68987916818 265 57
68987945088 188978561178 2261569
69390570029 1 25
69390598464 22548578334 163841
137438953472 177167401389 34604064
206292647936 5368709133 19923552
274877906944 23112292791325 10518849
274877925376 1056 26400
274878038016 23811298720704 173016096
275012124672 17614734639133 19956321
275414777856 5497558152192 32769
412585323538 32 32
412585492608 721554506688 2097728
549755813888 35434561536 885864038400
551903297536 44024758272 851503251456
555124523008 8590196736 26844364800
2199023255552 9071247753216 28347649228800
3300682366976 274886295552 824658886656
4947802324992 8589934592 15729120
4947802357760 35435642880 2163183
4967129710720 44025511936 7406063
4996120740160 8590000128 65551
9895604649984 274877906944 15729120
19791209299968 8796093022208 15729120
19791209431040 9071040135168 69221856
29706141499520 274880004096 7340512
35184372088832 264 380644704
35184372088832 566935683600 622873152
35184374448128 8200 24600
35184388866048 5502926852100 235129875
35184777101339 9 24
35184791519424 17179869210 229395
35184911319076 8193 1048
35184925737216 5520106721310 67356691
35253091565568 22548578325 11534688
35321811042304 555124523533 52430400
35527969472512 22548578333 26215200
70368748896256 9504 25344
70368777732096 18141941885760 242241120
70506183131136 23811298711200 33555456
70574907340288 256 768
70574936260608 171798691968 7340640
70643626821632 9248 26368
70643655770112 18313740577728 175113824
105553384701952 549755814656 637553664
140737488355328 8448 335915019
140737756790784 17592186061056 637914123
140738025226240 17592186068992 360459
176196750166016 8192 25600
176196822368256 5497558142976 167773184
211106783559716 9216 1024
211106870067456 17592186071040 67127296
211243671486464 23089744205056 45090144
211518549393408 23089744204800 11534688
246290604621824 256 816865632
281474976710656 1100618956800 1100618956800
281478197936128 9663971328 1073774592
281479271677952 1108135378944 26390158147584
562949953421312 10205153722368 1133905969152
564599220862976 34360786944 34360786944
565148976676864 10170792935424 27522990342144
1409573906808832 1099545182208 27488629555200
1688854155231232 9895906639872 26389084372992
2533274790395904 8589934592 503331840
2533274807173120 1100652544000 167936000
2533303798202560 9663676416 163840
2533313461879040 1108168736768 235060224
5066549580791808 274877906944 503331840
5066549614346240 10204842295296 173015040
5081393021419520 34361835520 5242880
5086340823777280 10170484654080 72367104
10133099161583616 8796093022208 503331840
12686165245296640 1099578736640 67124224
15199687497744640 9895604649984 234896384
18014398509481984 704828421 21474836500
18014398509481984 705352725 637802644050
18014398643699713 2 18
36028797018963968 726685344 19810536671250
36028797018963968 726685408 2147483650
36028797018963984 22708521 177167401092
36028797018964098 990 528
36028797287399426 64 18
72057594037927968 167937025 5502926852100
72057594037928196 26650 16400
72057594574798852 2048 18
126100789566373888 704664576 4294967300
324259175318159360 17301504 850403524608
648518350636318720 705331200 26414048870400
1152921504606846976 26393379471360 4295098368
1152921504606846976 26414854963200 637822107648
1152921513196781632 2147549184 65536
1297036692682702848 65536 16106127375
1297036702346379336 65536 15
2305843009213693952 27213743259648 19811141222400
2305843009213693952 27282464833536 2147549184
2305843011361177600 318931599360 850420826112
2305843026393563264 68721573888 65536
2305843026661998592 744103084032 4325376
2594073385365405696 2097152 16106127375
2594073385365405712 28114944 283467841536
2594073404692758672 2097152 15
4611686022722355200 8805489049600 26414586265600
4611686052787126528 2199090364416 65536
4611686053323997184 5502926848000 134348800
5188146770730811392 67108864 16106127375
5188146770730811424 940441600 8804682956800
5188146809385517344 67108864 15
8070450532247928832 26389084372992 21475491840
9223372036854779904 17301768 460635243156
9223372036854809088 132 660
9223372105574253056 2 576
9259400833873743888 17465609 185757335700
9259400833873773186 158 532
9313444029402189864 163841 13958643732
9313444029402219333 26 20
18446744073709551616 66 2267742734400
18446744211148506112 64 576
27688130509073809408 2 618475291200
36893488147419103232 705354775 758061728450
36893488147419119616 173016096 14740327780992
36893488147419236352 27456 21120
36893488422297012224 2048 576
36911502545928585216 705352727 620622774850
36965545741457031168 2048 2147483650
55376261018147643408 5242912 171798691968
55376261018147818626 832 512
83010348881448796160 5406720 35433480192
83334608056766955520 5767168 825707462656
83820996819744194560 688128 1073741824
332041395525795184640 726663168 1133871366144
498386352464010936320 22020096 824633720832
590295810908461465600 35437805568 885858631680
590295814756752195584 2147549184 2097152
590295814825471639552 566935683072 21626880
592601653919822643200 44028526592 851494699008
592601657852133638144 572304392192 4849664
596060418436864409600 8590721024 26844200960
596060422392126636032 5368709120 655360
664082786653543858176 65536 515396076000
664082786653543862272 6488064 177167400960
664082791601346220032 65536 480
666676860038909267984 7143424 280246616064
670567970116957376552 917504 5368709120
1180591620717411303424 70869123072 2267811938304
1180591629513504391168 68721573888 2097152
1328165573307087716352 2097152 515396076000
1328165583202692440064 2097152 480
1772040352580723802112 2147549184 618494164992
2361183241434822606848 28616092876800 208312270848
2361183243633845862400 9071801401344 28347476213760
2361183259027008782336 2199090364416 2097152
2361183259301886558208 5669356830720 692060160
2362336162939429453824 26417002512384 620641714176
2365794927453249994752 2199090364416 2147549184
2656331146614175432704 67108864 515396076000
2656331146614175449088 968884224 5669356830720
2656331166405384880128 67108864 480
3544080708462129971200 274903072768 824650498048
3544080731979491835904 171798691840 4194304
3987090793306628579344 29360128 274877906944
4722366482869645213696 5406885 22677427344000
4722366482869645213696 22708917 18141941875200
4722366482869647310848 537403400 8804682973200
4722366482869662253056 4100 4100
4722366518054017564672 2 18432
4722420526065175756824 688137 8589934608
4722420526065190699203 30 4
4722438540463685238816 537042945 5506148077584
4722438540463700181252 4122 16388
4731589854906499989504 524306 687194768000
4740813226943354765312 22020770 2748779072000
4768483343053919092736 688151 137438953600
9444732965739294621696 726672672 9070970946048
9444732965739324506112 31680 4224
9444733036108035129344 64 18432
9463179709812999979008 553667136 2199023257600
9472403081849858961408 16777472 274877907456
9472403081849888933376 128 128
9481626453886713741312 709895200 14568529089024
9481626453886743742464 31552 20608
14167135477405954605056 16777728 19791209318400
18889465931478580854784 173020320 24210730670100
18889466072216070258688 2048 18432
18889501960275599818752 709907616 19812684154900
18889537989072618782720 536887296 21474836500
23648725902495655673856 536879104 14293651181568
23648725902495730501632 4096 20480
28334270954811921793056 704652288 5497558142976
28334270954812011446532 30720 16384
28352645641291580833792 542132384 2886218025600
28389539129438999937024 536889344 687194768000
33056565380087516495872 5243040 7284264540800
42501298627301783633920 167936000 27514634240000
42501785016064760872960 524288 26843545600
42501947145652419952640 168460288 26415122612224
85002597254603567267840 553648128 28346784153600
85251628301247913656320 5242880 858993459200
85334638650129362452480 558891008 1958505086976
212838534532034713354240 167772160 1099511627776
255008440282161338122240 536870912 26388279066624
302231454903657293676544 141738246144 4535623876608
302231454903657293676544 850429476864 18142495506432
302231455185132270387200 1100719718400 1100719718400
302231457155457124139008 2147549184 67108864
302231457190641479450624 17609365913600 537395200
302234913949649312153600 9664593920 1073872896
302234915955181472448512 22548578304 524288
302236066871154992742400 1108236566528 26389889810432
302236068876694803447808 17597554753536 134742016
302821750714015999328256 32213237760 137443147776
303412046524374704979968 826806435840 2748862955520
305182933955450821935104 27918139392 687215738880
340010386766614455386112 65536 16492674432000
340010386766614457483264 201523200 14307609804800
340010389299889264656384 65536 15360
340014277876692505591832 851968 13958643712
340015574913385188294688 202244096 8810051665920
604462910370264540774400 10205811179520 1134009778176
604462914310914248278016 68721573888 67108864
604462914381282958901248 23811298689024 553648128
605643501428031998656512 34017179074560 2199090364416
606233797802989925171200 34363932672 34363932672
606233801825759373819904 549755813888 16777216
606824093613898386636800 10171447246848 27522825715712
606824097640584845459456 23261542875136 687865856
680020773533228910772224 2097152 16492674432000
680020773533228914966528 899678208 14740327759872
680020778599778529312768 2097152 15360
682013021893189546553344 6291456 446676598784
682677104679843090415616 901775360 5944234737664
906696670553981094723584 962102034432 19791813279744
1208925819614629174706176 4535623876608 6601566191616
1208925828621828496556032 2199090364416 67108864
1208928125457638388400128 26526527520768 19796108378112
1208930431300647602094080 30787265101824 4295098368
1360041547066457821544448 67108864 16492674432000
1360041557199557058625536 67108864 15360
1513518459169295197798400 1099645845504 27488461783040
1513518469212509283811328 17592186044416 671088640
1702708264979686462865408 201326592 5497558138880
1813393342796816344678400 9896544174080 26388815937536
1813393354829902200700928 23089744183296 134217728
1814569321042661173362688 33123798614016 2336533512192
1816930504284095995969536 32986355466240 137443147776
2040067508746457475711008 872415232 8796093022208
2115620184325601055735808 137443147776 24327437156352
